traces,total_instruction_cnt,total_branch_cnt,TAGE_mispred,HYB_mispred,ML_mispred,TAGE_mpki,HYB_mpki,ML_mpki,TAGE_acc,HYB_acc,ML_acc
ALL-1,692734931,108535734,2574504,5034770,5156022,3.71643,7.26796,7.442994093797184,0.9762796647231409,0.9536118675900787,0.9524947055685826
ALL-2,642168792,29215542,9399,127605,137910,0.0146363,0.198709,0.21475662118441907,0.9996782876730474,0.9956322905116736,0.9952795672933262
ALL-3,1889750733,61417733,14210,159171,181466,0.00751951,0.0842286,0.09602642127934023,0.999768633596424,0.9974083869230406,0.9970453810139818
ALL-4,1283893069,137019006,8112793,9736184,8778194,6.3189,7.58333,6.837169085145984,0.9407907469420702,0.9289428212608695,0.9359344790459215
ALL-5,710761113,34025127,995522,877276,913051,1.40064,1.23428,1.2846102344375163,0.9707415640212012,0.9742168192347966,0.973165390389285
ALL-6,536505108,47021806,427429,4075565,3996754,0.796691,7.59651,7.449610339963436,0.9909099833383685,0.9133260640818432,0.9150021162521916
ALL-7,1000000000,1548329,1209,4374,4328,0.001209,0.004374,0.004328,0.999219158202165,0.9971750190043589,0.9972047284524155
ALL-8,916778731,83839790,7888482,9781956,9552873,8.60456,10.6699,10.420042129009644,0.9059100458147618,0.8833256142459326,0.8860580042006307
ALL-9,599758591,95858342,4503077,5791798,5091577,7.50815,9.65688,8.489377353495884,0.9530236293884574,0.9395796142603844,0.9468843619264768
ALL-10,5789354553,384485592,1044,1925,1812,0.000180331,0.000332507,0.00031298825860665854,0.9999972846836872,0.9999949933104385,0.999995287209618
ALL-11,990358237,267070415,270528,4035461,4016739,0.273162,4.07475,4.055844491350457,0.9989870536577404,0.9848898987931703,0.9849600001557641
ALL-12,925056138,90114738,217783,1061400,2752295,0.235427,1.14739,2.975273485510346,0.9975832698975389,0.9882216824510992,0.9694578815731563
ALL-13,22521563217,1729238200,14771212,38991214,38527197,0.65587,1.73128,1.7106804100933115,0.9914579657099872,0.9774517969820468,0.9777201330620616
ALL-14,692129943,94038052,1222872,2222986,2260986,1.76682,3.2118,3.266707390522476,0.986995987539172,0.9763607821225391,0.9759566903831653
ALL-15,1027774508,158023130,577988,1916395,1944345,0.562368,1.86461,1.8918011537215516,0.996342383548535,0.9878726930671479,0.9876958202258113
ALL-16,1207440258,231358743,353735,3007033,3103772,0.292963,2.49042,2.5705387736044827,0.998471054106652,0.9870027258922305,0.9865845917048399
ALL-17,1688784689,323544003,370051,5227447,5199943,0.219123,3.09539,3.0791035908071285,0.998856257582991,0.9838431652216406,0.9839281737513769
ALL-18,2883605006,131075501,505,513,509,0.000175128,0.000177902,0.00017651516034301127,0.9999961472586704,0.9999960862251444,0.9999961167419074
ALL-19,684914548,111577971,74895,1078937,1450541,0.109349,1.57529,2.1178422976058613,0.9993287653527954,0.990330196988436,0.9869997546379473
ALL-20,1899254569,9027233,169,26190,26285,8.89823e-05,0.0137896,0.013839640261515674,0.9999812788702807,0.9970987787730747,0.9970882550611023
ALL-21,996258435,196743338,16819,5691688,5772469,0.0168822,5.71306,5.794148182042745,0.9999145129884907,0.9710704918506567,0.9706599010737532
ALL-22,1540382230,296731952,69093,193325,193291,0.0448545,0.125505,0.1254824914462951,0.9997671534880747,0.9993484860706878,0.9993486006522142
ALL-23,1658101133,70058311,2220397,3151959,3003614,1.33912,1.90094,1.8114781663320894,0.9683064440420209,0.9550094920215818,0.9571269424408476
ALL-24,3084656168,92654542,2632221,4608056,4355195,0.853327,1.49386,1.4118899361233443,0.9715910203301205,0.9502662697312777,0.9529953426352267
ALL-25,1734496501,63232626,904973,1975946,1954047,0.52175,1.1392,1.1265788076674823,0.9856881952047982,0.9687511633630398,0.9690974877431154
ALL-26,553679960,10147965,549621,759538,724226,0.992669,1.3718,1.3080227790798136,0.9458392889608902,0.9251536638133853,0.9286333762483414
ALL-27,782986807,23285236,1422390,1889378,1740336,1.81662,2.41304,2.222688791741034,0.938914512182741,0.9188594008667123,0.925260109023589
ALL-28,999996622,142579090,409,913962,913878,0.000409001,0.913965,0.9138810870903122,0.9999971314166755,0.9935897893583133,0.9935903785050108
ALL-29,910220449,89831572,889,1096502,1096402,0.000976686,1.20466,1.2045455594900616,0.9999901037020703,0.9877938014933102,0.987794914687678
ALL-30,999996940,165951792,424,826493,826409,0.000424001,0.826496,0.8264115288192782,0.9999974450411478,0.9950196801731432,0.9950201863442366
ALL-31,1862651444,87016545,4207,498680,498706,0.00225861,0.267726,0.267739840218866,0.9999516528724509,0.994269135829284,0.9942688370355316
ALL-32,595153582,65161478,892019,1513778,1513643,1.4988,2.54351,2.5432813407817143,0.9863106389330212,0.9767688203757441,0.9767708921519552
ALL-33,1352717599,145805540,760774,4323493,4240667,0.562404,3.19615,3.134924098817761,0.9947822695900307,0.9703475396065198,0.9709155975829177
ALL-34,1578129863,400113461,630099,1387160,1335348,0.399269,0.87899,0.84615850146928,0.998425199196185,0.996533083399561,0.9966625766684716
ALL-35,1978831966,291630816,1825162,3747876,3671264,0.922343,1.89398,1.855268190063188,0.9937415324449115,0.9871485597736008,0.9874112617783163
ALL-36,783804269,103345502,1062133,2058833,1997087,1.3551,2.62672,2.5479409579485206,0.9897225038395963,0.9800781556995097,0.9806756272759699
ALL-37,581242790,107966011,627658,891739,871280,1.07986,1.53419,1.4989949380705436,0.9941865222750519,0.9917405580539601,0.9919300528756221
ALL-38,746193682,123676019,660999,1106864,1084021,0.885828,1.48335,1.45273409055747,0.9946553987964312,0.9910502940751998,0.9912349943928903
ALL-39,1427677542,281038427,20487984,17511963,16446833,14.3506,12.266,11.519991395928255,0.9270989941884353,0.9376883681461824,0.9414783480836946
ALL-40,2135595752,284134248,4052247,4802944,4737546,1.89748,2.24899,2.2183720844936388,0.9857382662297014,0.9830962158423084,0.9833263816898271
ALL-41,148974179,11917426,47825,186014,178837,0.321029,1.24863,1.2004563555943477,0.9959869689981713,0.9843914281489979,0.9849936555091678
ALL-42,344783366,51156196,20714,1402896,1365040,0.0600783,4.06892,3.9591237124821155,0.9995950832622503,0.9725762251751479,0.9733162332867753
ALL-43,101127141,15893396,20250,295393,295769,0.200243,2.92101,2.924724234021409,0.9987258858962553,0.9814141043235819,0.9813904466987421
ALL-44,692734931,108535734,2574504,5034770,4832941,3.71643,7.26796,6.9766093547836405,0.9762796647231409,0.9536118675900787,0.9554714302664595
ALL-45,372505316,16979121,1492353,1091041,1056535,4.00626,2.92893,2.836295093302776,0.9121065807823621,0.9357421977262546,0.9377744584068869
ALL-46,169326426,19555594,1938980,2571713,2451070,11.4511,15.1879,14.475413306130964,0.9008478085605581,0.8684922073960013,0.8746614395860335
ALL-47,128977169,16105153,863024,1099503,1064527,6.69129,8.52479,8.253608047483194,0.9464131759567885,0.9317297389226914,0.9339014661953227
ALL-48,225731243,20434568,2086938,2533684,2459858,9.24523,11.2243,10.897286380512245,0.897872174249047,0.8760099063508463,0.879622705995057
ALL-49,128071235,9561235,208241,330928,317689,1.62598,2.58394,2.48056482003941,0.9782202822124966,0.9653885716646438,0.9667732254253766
ALL-50,140479767,24260148,1178382,1522688,1416391,8.38827,10.8392,10.082526688701014,0.9514272542772616,0.9372350077996227,0.941616555678061
ALL-51,96754975,9191871,521289,661525,631387,5.38772,6.83712,6.525628268727267,0.9432880422277466,0.9280315182839272,0.9313102849245818
ALL-52,109068187,19320304,993688,1335969,1269440,9.1107,12.2489,11.638957563308539,0.9485676829929798,0.9308515538885931,0.9342950297262403
ALL-53,154558316,11432253,251178,253747,254046,1.62513,1.64176,1.6436902689855912,0.9780290026821484,0.9778042875713125,0.9777781334965208
ALL-54,132334393,12651145,135057,1037355,995371,1.02057,7.83889,7.521634984187369,0.9893245235905525,0.9180030740300582,0.9213216669321236
ALL-55,100131527,10767735,4459,79837,78973,0.0445314,0.797321,0.7886926562100666,0.9995858924834239,0.9925855344694126,0.9926657741855646
ALL-56,1356573277,92779630,5335837,5636874,5482710,3.93332,4.15523,4.041587795481836,0.9424891325822273,0.9392444871789206,0.9409061019105164
ALL-57,642168792,29215542,9399,127605,132793,0.0146363,0.198709,0.20678831119529084,0.9996782876730474,0.9956322905116736,0.9954547137958283
ALL-58,1271560006,111588449,41252,1290298,1270866,0.032442,1.01474,0.9994542090056897,0.9996303201597506,0.9884369931515045,0.9886111330394063
ALL-59,100354118,2452597,850,1302,1258,0.00847001,0.0129741,0.012535609151584592,0.9996534285901842,0.9994691341463763,0.9994870743134726
ALL-60,113837138,3676652,812,1258,1213,0.007133,0.0110509,0.01065557357916008,0.9997791468977755,0.9996578408834994,0.9996700802795587
ALL-61,104905199,4200622,845,1311,1272,0.00805489,0.012497,0.012125233183152343,0.9997988393147491,0.9996879033628829,0.9996971877022022
ALL-62,1283893069,137019006,8112793,9736184,9157519,6.3189,7.58333,7.132618144852684,0.9407907469420702,0.9289428212608695,0.9331660674870171
ALL-63,710761113,34025127,995522,877276,867656,1.40064,1.23428,1.2207420807502731,0.9707415640212012,0.9742168192347966,0.9744995514638344
ALL-64,1000000000,36462693,3691,235274,234753,0.003691,0.235274,0.234753,0.9998987732474943,0.9935475418669707,0.9935618304440651
ALL-65,1000000000,200483818,692,3085002,3084950,0.000692,3.085,3.08495,0.9999965483498524,0.9846122144381747,0.9846124738107292
ALL-66,536505108,47021806,427429,4075565,3878104,0.796691,7.59651,7.228456807162402,0.9909099833383685,0.9133260640818432,0.9175254136346869
ALL-67,1000000000,1548329,1209,4374,4290,0.001209,0.004374,0.00429,0.999219158202165,0.9971750190043589,0.9972292710399405
ALL-68,999591576,129894684,260298,1116459,1105534,0.260404,1.11692,1.1059857111080735,0.9979960842739338,0.9914048907498015,0.9914889973480362
ALL-69,1000000000,1686636,1216,4405,4322,0.001216,0.004405,0.004322,0.9992790382750042,0.9973882924353565,0.9974375028162568
ALL-70,78221020,2102442,4021,42947,43559,0.0514056,0.549047,0.5568707746332124,0.9980874621035919,0.9795728015326939,0.9792817114574386
ALL-71,1015451933,29574419,9945,193947,206775,0.00979367,0.190996,0.20362854536020664,0.9996637296577153,0.9934420689718367,0.9930083157339457
ALL-72,383113832,51400260,459526,1129597,1091358,1.19945,2.94846,2.8486520424039403,0.9910598506700161,0.9780235158343557,0.9787674614875489
ALL-73,2163787881,305812395,1389109,5777293,5617785,0.64198,2.66999,2.59627343758101,0.9954576432390846,0.9811083752834806,0.981629963036652
ALL-74,497129864,65109879,32292,151095,149528,0.0649569,0.303935,0.30078257378639395,0.9995040383963852,0.9976793844141532,0.9977034514224792
ALL-75,3629750101,554204248,429405,4596887,4566549,0.118302,1.26645,1.2580890895882642,0.9992251863793004,0.991705428068101,0.9917601696189091
ALL-76,1027774508,158023130,577988,1916395,1862878,0.562368,1.86461,1.8125357123568586,0.996342383548535,0.9878726930671479,0.9882113586789478
ALL-77,100106755,770140,48,50,51,0.000479488,0.000499467,0.0005094561301083029,0.9999376736697224,0.9999350767392942,0.99993377827408
ALL-78,98796065,1474739,91,92,95,0.000921089,0.000931211,0.0009615767591553368,0.9999382941659507,0.9999376160798623,0.9999355818215969
ALL-79,99206158,2834777,174,175,178,0.00175392,0.001764,0.0017942434581530715,0.9999386195104588,0.9999382667490248,0.9999372084647222
ALL-80,2883605006,131075501,505,513,509,0.000175128,0.000177902,0.00017651516034301127,0.9999961472586704,0.9999960862251444,0.9999961167419074
ALL-81,1179666506,131074501,503,510,509,0.000426392,0.000432326,0.00043147787735867105,0.9999961624877748,0.999996109083032,0.9999961167122811
ALL-82,220814,3701,13,13,19,0.0588731,0.0588731,0.08604526886882172,0.9964874358281546,0.9964874358281546,0.9948662523642259
ALL-83,14055614,230501,19,107,112,0.00135177,0.00761262,0.007968346313437463,0.9999175708565256,0.9995357937709598,0.9995141018910981
ALL-84,100018978,6327009,397908,455559,440642,3.97832,4.55473,4.405583908285886,0.9371096200432147,0.9279977316295899,0.9303554017387995
ALL-85,658661227,111675892,60997,1098580,1156609,0.0926075,1.6679,1.75599982599249,0.9994538033329521,0.9901627828502144,0.9896431630919948
ALL-86,350858,55581,1076,2498,2408,3.06677,7.11969,6.863175415695238,0.9806408664831507,0.9550565840844893,0.9566758424641514
ALL-87,1899254569,9027233,169,26190,26294,8.89823e-05,0.0137896,0.013844378962765575,0.9999812788702807,0.9970987787730747,0.9970872580778628
ALL-88,106993428,4623865,3651,17619,17281,0.0341236,0.164674,0.1615145932140804,0.9992104008226884,0.9961895513817985,0.9962626504017743
ALL-89,188140760,23990999,78653,291879,284064,0.418054,1.55139,1.5098482646716214,0.9967215621158585,0.9878338121726402,0.9881595593414013
ALL-90,99832412,6689046,4601,39794,40069,0.0460872,0.398608,0.4013626356137724,0.9993121590134079,0.9940508706323742,0.9940097586412173
ALL-91,99702195,3045882,3816,23818,25291,0.038274,0.238891,0.2536654283288347,0.9987471609208761,0.9921802617435607,0.9916966579795278
ALL-92,97600104,12114371,27531,496275,483702,0.28208,5.08478,4.955957833815423,0.9977274098671735,0.9590341917050419,0.9600720499644596
ALL-93,216999993,2299996,4,15,16,1.84332e-05,6.91244e-05,7.37327212724841e-05,0.9999982608665406,0.9999934782495274,0.9999930434661626
ALL-94,2115006,21500,5,513,513,0.00236406,0.242553,0.24255250339715348,0.9997674418604651,0.976139534883721,0.976139534883721
ALL-95,4226507,42000,5,513,513,0.00118301,0.121377,0.12137682488163394,0.9998809523809524,0.9877857142857143,0.9877857142857143
ALL-96,16895507,165000,5,513,513,0.000295937,0.0303631,0.030363101858973514,0.999969696969697,0.996890909090909,0.996890909090909
ALL-97,20000000,194461,149,161,161,0.00745,0.00805,0.00805,0.9992337795239148,0.9991720704922838,0.9991720704922838
ALL-98,1540382230,296731952,69093,193325,193021,0.0448545,0.125505,0.12530721027598454,0.9997671534880747,0.9993484860706878,0.9993495105643359
ALL-99,1782506882,81751219,3516933,4837481,4629545,1.97303,2.71386,2.597210168863741,0.9569800543279973,0.9408268028394782,0.9433703245452524
ALL-100,3195627559,103095359,3307640,5531473,5218772,1.03505,1.73095,1.6330976947867786,0.9679166935147876,0.9463460522990177,0.9493791762246058
ALL-101,553679960,10147965,549621,759538,727687,0.992669,1.3718,1.3142736825800956,0.9458392889608902,0.9251536638133853,0.9282923226479398
ALL-102,782986807,23285236,1422390,1889378,1782015,1.81662,2.41304,2.2759195736997904,0.938914512182741,0.9188594008667123,0.9234701765530742
ALL-103,1020500024,135925744,5480,8720,8527,0.00536992,0.00854483,0.008355707789772673,0.9999596838697459,0.9999358473255809,0.9999372672184895
ALL-104,103523675,16865857,11846,48324,48159,0.114428,0.466792,0.46519793660725434,0.9992976342678584,0.9971348031706898,0.9971445862490118
ALL-105,295563164,42222703,2287,44000,43785,0.00773777,0.148868,0.14814092327148048,0.9999458348272966,0.9989579066029951,0.9989629986502759
ALL-106,999999443,48754733,830,34836,34994,0.00083,0.034836,0.03499401949166886,0.9999829760117853,0.9992854847548852,0.9992822440438757
ALL-107,910220449,89831572,889,1096502,1096386,0.000976686,1.20466,1.2045279813308172,0.9999901037020703,0.9877938014933102,0.9877950927987768
ALL-108,999996940,165951792,424,826493,826399,0.000424001,0.826496,0.8264015287886781,0.9999974450411478,0.9950196801731432,0.9950202466027002
ALL-109,999996581,142575391,582,925716,925617,0.000582002,0.925719,0.9256201646953431,0.9999959179491221,0.9935071824561926,0.9935078768256719
ALL-110,967488543,17798360,1419,2033,1991,0.00146668,0.00210132,0.002057905506380761,0.9999202735532937,0.9998857759928443,0.9998881357608229
ALL-111,100189686,34959362,37616,1404960,1378180,0.375448,14.023,13.755707348958055,0.9989240078237126,0.9598116235645262,0.9605776558508133
ALL-112,100067714,13270878,4985,375242,351093,0.0498163,3.74988,3.5085542175970965,0.9996243654715234,0.9717244028616645,0.9735441016035261
ALL-113,110000000,7039641,412073,548534,516018,3.74612,4.98667,4.6910727272727275,0.9414639184015208,0.9220792651216163,0.9266982506636346
ALL-114,110000000,1266192,116,4236,4232,0.00105455,0.0385091,0.03847272727272727,0.999908386721761,0.9966545358049964,0.9966576948835564
ALL-115,110000000,2121555,57,105,93,0.000518182,0.000954545,0.0008454545454545455,0.9999731329143011,0.9999505080000283,0.9999561642285965
ALL-116,110000000,18789968,753731,881342,853064,6.8521,8.0122,7.755127272727273,0.9598865202963625,0.9530950771177471,0.954600029121923
ALL-117,100000021,5000004,4,4,5,4e-05,4e-05,4.9999989500002206e-05,0.99999920000064,0.99999920000064,0.9999990000008
ALL-118,144999972,4999998,1,0,1,6.89655e-06,0.0,6.896553055886107e-06,0.99999979999992,1.0,0.99999979999992
ALL-119,99999170,15740241,5928,295422,286263,0.0592805,2.95424,2.862653760026208,0.9996233856902191,0.9812314182482975,0.9818133026044519
ALL-120,101032026,7720745,4001,26332,26599,0.0396013,0.26063,0.2632729546569718,0.999481785760312,0.9965894482980593,0.9965548661430988
ALL-121,236538163,11342643,2309,120279,120285,0.00976164,0.508497,0.5085225930329053,0.9997964319250813,0.9893958577379187,0.9893953287606777
ALL-122,25173438,525466,211,288,292,0.00838185,0.0114406,0.011599528042216561,0.9995984516600503,0.9994519150620592,0.9994443027712545
ALL-123,110000000,10178935,1150974,1396895,1354769,10.4634,12.699,12.316081818181818,0.8869258915593822,0.8627660948812425,0.8669046417920931
ALL-124,105099488,13196368,26631,125996,120363,0.253388,1.19883,1.1452291756169164,0.9979819447290346,0.9904522213991002,0.990879081274484
ALL-125,110000000,18916871,2649,10596,12234,0.0240818,0.0963273,0.11121818181818181,0.9998599662703203,0.9994398650812811,0.999353275708229
ALL-126,19347949,5289269,26590,31862,31814,1.37431,1.64679,1.6443086551447907,0.9949728402922975,0.9939761052047079,0.9939851801827436
ALL-127,110000000,15843618,1896,5773,6216,0.0172364,0.0524818,0.05650909090909091,0.9998803303639359,0.9996356261555914,0.9996076653703718
ALL-128,110000000,7381375,322,629,585,0.00292727,0.00571818,0.005318181818181818,0.9999563766913346,0.9999147855243772,0.9999207464733874
ALL-129,110000000,8047320,239798,354179,341328,2.17998,3.21981,3.102981818181818,0.9702015080797085,0.9559879562388472,0.9575848854028421
ALL-130,110000000,9352659,657722,839859,802412,5.97929,7.63508,7.294654545454545,0.9296754003326755,0.910201045499467,0.9142049335916128
ALL-131,110000000,9689928,867156,1087844,1049286,7.88324,9.88949,9.538963636363636,0.9105095517737594,0.8877345631463929,0.89171374647985
ALL-132,110000000,5584010,3156,4810,4822,0.0286909,0.0437273,0.04383636363636364,0.9994348147657328,0.9991386118577867,0.9991364628645006
ALL-133,110000000,19921540,1062475,1485479,1409601,9.65886,13.5044,12.814554545454545,0.9466670247380473,0.925433525721405,0.9292423678089143
ALL-134,110000000,20183592,1339082,1854866,1761435,12.1735,16.8624,16.013045454545455,0.9336549212845762,0.908100302463506,0.9127293595708831
ALL-135,110000000,15490965,13343,49112,51230,0.1213,0.446473,0.4657272727272727,0.9991386592119987,0.9968296358554809,0.9966929109968294
ALL-136,110000000,15632470,169411,296764,287109,1.5401,2.69785,2.6100818181818184,0.9891628770117582,0.9810161797847685,0.9816338045107396
ALL-137,110000000,10556210,1075707,1287035,1206784,9.77915,11.7003,10.970763636363637,0.8980972337609805,0.8780779275895421,0.885680182565523
ALL-138,110000000,14387780,932469,1105982,1028153,8.47699,10.0544,9.346845454545454,0.9351902100254521,0.9231304621004769,0.928539844228922
ALL-139,110000000,1367818,276,798,863,0.00250909,0.00725455,0.007845454545454546,0.9997982187688713,0.9994165890491279,0.9993690681070142
ALL-140,110000000,2729542,735,1567,1622,0.00668182,0.0142455,0.014745454545454546,0.9997307240555375,0.9994259110136425,0.9994057611130366
ALL-141,110000000,3266074,3522,27401,26981,0.0320182,0.2491,0.24528181818181818,0.9989216410895773,0.991610416665391,0.9917390114247259
ALL-142,110000000,12254069,140446,1079273,1034956,1.27678,9.81157,9.40869090909091,0.988538827388682,0.9119253368003721,0.9155418498133151
ALL-143,110000000,2829877,123249,278951,272772,1.12045,2.53592,2.4797454545454545,0.9564472236779196,0.9014264577577047,0.9036099448845303
ALL-144,110000000,4782645,3303,3312,3317,0.0300273,0.0301091,0.030154545454545455,0.9993093779697217,0.9993074961658246,0.999306450719215
ALL-145,110000000,3142888,901,912,912,0.00819091,0.00829091,0.00829090909090909,0.9997133209964848,0.999709821030848,0.999709821030848
ALL-146,110000000,16081030,774263,993931,958898,7.03875,9.03574,8.717254545454546,0.9518524000017412,0.9381923297201734,0.9403708593292842
ALL-147,595153582,65161478,892019,1513778,1472404,1.4988,2.54351,2.473989982639473,0.9863106389330212,0.9767688203757441,0.9774037660717272
ALL-148,1283891318,162876464,685333,3668987,3642743,0.533794,2.85771,2.83726741425009,0.9957923141062296,0.9774738049323075,0.9776349331846989
ALL-149,871444047,100664947,559654,2693931,2654234,0.642214,3.09134,3.0457882053786065,0.994440428205858,0.9732386388680063,0.9736329866641662
ALL-150,1041027767,110978030,488235,2800014,2779232,0.468993,2.68966,2.6697001637229145,0.9956006157254729,0.9747696548587139,0.9749569171483761
ALL-151,449412053,48599379,119617,503268,515370,0.266163,1.11984,1.1467649711655596,0.9975387134061939,0.9896445590385013,0.9893955435109572
ALL-152,1578129863,400113461,630099,1387160,1309356,0.399269,0.87899,0.8296883740042374,0.998425199196185,0.996533083399561,0.9967275382419588
ALL-153,1978831966,291630816,1825162,3747876,3601971,0.922343,1.89398,1.8202510682506328,0.9937415324449115,0.9871485597736008,0.9876488669839335
ALL-154,1170531026,141872714,370230,888072,852836,0.316292,0.758692,0.7285889746249238,0.997390407291426,0.993740360813849,0.9939887242870394
ALL-155,783804269,103345502,1062133,2058833,1960863,1.3551,2.62672,2.5017253382680926,0.9897225038395963,0.9800781556995097,0.9810261408377503
ALL-156,346537889,43714945,83599,186317,181257,0.241241,0.537653,0.523051030647907,0.9980876334169012,0.9957379106847783,0.9958536605730604
ALL-157,1070163876,134252700,254794,449780,442473,0.238089,0.420291,0.41346284426442365,0.9981021312792965,0.9966497508057566,0.9967041780165316
ALL-158,632344250,74063220,346340,1752399,1765817,0.547708,2.77127,2.7924931712433536,0.9953237247853928,0.976339146475133,0.9761579769283593
ALL-159,992739167,166307111,161121,762094,749235,0.162299,0.767668,0.7547148585505542,0.9990311839401744,0.9954175501250816,0.9954948709318869
ALL-160,1928327997,288740104,617063,1260525,1245839,0.319999,0.653688,0.6460721422591055,0.9978629120394027,0.9956343958371644,0.9956852581863723
ALL-161,1235738921,213235150,275589,488226,473026,0.223016,0.395088,0.38278797564878186,0.9987075817471932,0.9977103868663304,0.9977816696731284
ALL-162,209999900,20984559,70263,172926,171190,0.334586,0.823458,0.815190864376602,0.9966516808859314,0.9917593693534374,0.9918420968484494
ALL-163,209999900,16567904,159541,315051,308652,0.759719,1.50024,1.4697721284629184,0.9903704777623048,0.9809842572723744,0.9813704859709472
ALL-164,209999900,21221992,88922,263356,263121,0.423438,1.25408,1.2529577395036855,0.9958099126604137,0.9875904203526229,0.9876014937711785
ALL-165,209999900,49171610,19462,79879,84518,0.0926762,0.380376,0.4024668583175516,0.9996042025062836,0.9983755057033926,0.9982811626464946
ALL-166,209999900,11427941,192400,297889,287241,0.916191,1.41852,1.367814937054732,0.9831640712880825,0.9739332745942598,0.9748650259919963
ALL-167,209999900,22191363,107870,350388,345776,0.513667,1.66852,1.6465531650253167,0.9951390998380767,0.9842106138320571,0.9844184424363659
ALL-168,209999900,3068037,5475,16392,16109,0.0260714,0.0780572,0.07670956033788588,0.9982154713258021,0.9946571700406481,0.9947494114314788
ALL-169,209999900,11711600,4645,13146,12804,0.0221191,0.0626,0.060971457605456005,0.9996033846784385,0.9988775231394514,0.9989067249564534
ALL-170,209999900,7297598,4605,36133,43752,0.0219286,0.172062,0.20834295635378874,0.9993689704475363,0.9950486447732528,0.9940046026103384
ALL-171,209999900,11130409,4365,16319,17227,0.0207857,0.0777096,0.082033372396844,0.9996078311228276,0.9985338364475196,0.9984522581335511
ALL-172,209999900,13357653,6282,60928,60873,0.0299143,0.290133,0.2898715666055079,0.9995297078012133,0.9954387196613058,0.9954428371511073
ALL-173,69999900,1749705,80304,107814,99770,1.1472,1.5402,1.425287750411072,0.9541042632900975,0.9383816129004604,0.9429789593102837
ALL-174,209999900,2819516,5147,11526,11180,0.0245095,0.0548857,0.05323812058958123,0.9981745093838801,0.9959120643401208,0.9960347804374935
ALL-175,209999900,8654940,21196,84711,84122,0.100933,0.403386,0.40058114313387766,0.997550993998803,0.990212410484648,0.9902804641048927
ALL-176,209999900,1446937,3245,10693,10643,0.0154524,0.0509191,0.050680976514750724,0.9977573315216903,0.9926099063055268,0.9926444620602003
ALL-177,209999900,2425804,2772,5163,5216,0.0132,0.0245857,0.02483810706576527,0.9988572860791721,0.9978716334872891,0.997849785060953
ALL-178,209999900,4660148,3150,5701,5697,0.015,0.0271476,0.02712858434694493,0.9993240558025196,0.9987766482952902,0.9987775066371283
ALL-179,209999900,3057959,5361,29654,29622,0.0255286,0.14121,0.14105721002724286,0.9982468698893608,0.9903026822792588,0.9903131467753492
ALL-180,209999900,2323368,4000,33077,32988,0.0190476,0.15751,0.15708578908847098,0.9982783614132587,0.9857633401165894,0.9858016465751444
ALL-181,209999900,2769081,5032,28168,28075,0.0239619,0.134133,0.133690539852638,0.9981827906081476,0.9898276720688199,0.9898612572185501
ALL-182,209999900,3539131,9903,15908,15344,0.0471572,0.0757524,0.07306670146033403,0.9972018554837332,0.9955051112829675,0.9956644724368778
ALL-183,209999900,3563511,8910,14733,14363,0.0424286,0.0701572,0.0683952706644146,0.9974996569394622,0.995865594353434,0.9959694245366437
ALL-184,209999900,3604627,9335,15557,15154,0.0444524,0.074081,0.07216193912473291,0.9974102729630555,0.9956841581667119,0.9957959589161375
ALL-185,209999900,3575639,9243,14661,14214,0.0440143,0.0698143,0.06768574651702215,0.9974150074993589,0.9958997538621768,0.9960247664822987
ALL-186,209999900,3480966,8507,13685,13378,0.0405095,0.0651667,0.06370479224037726,0.9975561381524554,0.9960686200324852,0.996156813941877
ALL-187,209999900,3658880,10611,18203,17489,0.0505286,0.086681,0.08328099203856763,0.9970999322196956,0.9950249803218472,0.9952201220045478
ALL-188,69999900,8694263,418632,475419,446569,5.98047,6.79171,6.379566256523224,0.9518496277372792,0.945318079289757,0.9486363594015962
ALL-189,69999900,9856631,238370,260626,254294,3.40529,3.72323,3.632776618252312,0.97581628043091,0.9735583081075065,0.9742007182778781
ALL-190,69999900,3184153,62238,91715,89784,0.889116,1.31022,1.2826304037577196,0.9804538286947895,0.9711964217799836,0.9718028624880777
ALL-191,69999900,7151318,830098,1054273,999437,11.8586,15.0611,14.277691825274037,0.8839237746104984,0.8525764061953335,0.8602443633467285
ALL-192,69999900,9777636,816126,988298,925387,11.659,14.1186,13.219833171190244,0.9165313578865075,0.8989226025595553,0.9053567754005161
ALL-193,69999900,6565751,505381,658320,622618,7.21974,9.40458,8.894555563650805,0.923027693252455,0.8997342421301082,0.9051718531512998
ALL-194,69999900,6233351,492048,626126,596269,7.02927,8.94467,8.518140740201057,0.9210620419097209,0.899552263301072,0.904342142773606
ALL-195,69999900,9872265,198856,216354,212343,2.8408,3.09078,3.0334757621082318,0.9798571047272333,0.978084664461499,0.9784909542035186
ALL-196,69999900,9543393,1090269,1369093,1275798,15.5753,19.5585,18.22571175101679,0.8857566695618634,0.8565402263115435,0.866316099525609
ALL-197,69999900,7159931,555242,729143,690701,7.93204,10.4163,9.867171238816056,0.922451487311819,0.8981634040886707,0.9035324502428864
ALL-198,69999900,9822682,302586,337740,323817,4.32266,4.82486,4.625963751376788,0.9691951750041384,0.9656163153810742,0.9670337490310691
ALL-199,69999900,7061493,268701,314067,297347,3.83859,4.48668,4.247820354029077,0.9619484151580976,0.9555239947132993,0.9578917659480792
ALL-200,69999900,4216003,169327,209937,198867,2.41896,2.9991,2.840961201373145,0.9598370779147928,0.9502047318277524,0.9528304415343158
ALL-201,69999900,8203521,591557,758682,706558,8.45083,10.8383,10.093700133857334,0.9278898658271247,0.9075175159544298,0.9138713730360415
ALL-202,69999900,7514696,288793,367610,345650,4.12562,5.25158,4.937864196948853,0.9615695698136025,0.9510811881145957,0.9540034620162945
ALL-203,69999900,6054098,172597,220867,212044,2.46567,3.15525,3.0292043274347535,0.9714908810528009,0.9635177692861926,0.9649751292430351
ALL-204,69999900,9830003,1154676,1437204,1344236,16.4954,20.5315,19.203398861998373,0.8825355394092962,0.8537941443151136,0.8632517202690579
ALL-205,69999900,6409298,622826,881754,823966,8.89753,12.5965,11.770959672799533,0.9028246151138549,0.8624258070072572,0.8714420830487208
ALL-206,69999900,7774569,274705,352497,335632,3.92436,5.03568,4.7947497067852956,0.9646662085062208,0.9546602519059256,0.9568295039892244
ALL-207,69999900,6881726,724721,1015004,943820,10.3532,14.5001,13.483162118803026,0.8946890649235381,0.8525073506268631,0.8628512672547556
ALL-208,69999900,10032701,986166,1248846,1165597,14.0881,17.8407,16.651409502013575,0.9017048350190043,0.875522454023099,0.8838202195002124
ALL-209,69999900,9894674,301250,379012,361493,4.30358,5.41446,5.1641930917044165,0.9695543279141889,0.9616953524694194,0.9634659009483284
ALL-210,69999900,9865422,366861,467715,442687,5.24088,6.68165,6.324109034441478,0.9628134508589699,0.9525904720548194,0.9551274137082022
ALL-211,69999900,5383819,302070,410569,384199,4.31529,5.86528,5.488564983664262,0.943892987487135,0.9237401926030574,0.9286382027330413
ALL-212,69999900,8611446,525212,668532,620941,7.50304,9.55047,8.870598386569124,0.9390100106300382,0.9223670449771153,0.9278935268246471
ALL-213,69999900,9122352,422577,530719,495113,6.03682,7.58171,7.073052961504231,0.9536767491541656,0.9418221309592087,0.9457252910214383
ALL-214,69999900,8368350,678986,951153,892062,9.69981,13.5879,12.743761062515803,0.9188626192738114,0.8863392425030023,0.8934004911362455
ALL-215,69999900,9410524,260214,333558,309805,3.71735,4.76512,4.425792036845767,0.972348617356483,0.9645547899351832,0.9670788789232141
ALL-216,209999900,22020736,558411,969694,922240,2.6591,4.61759,4.391621138867209,0.9746415832785971,0.9559645054552218,0.9581194742991334
ALL-217,69999900,6115830,227599,463642,437829,3.25142,6.62347,6.254708935298479,0.9627852638153774,0.9241898483116764,0.9284105346289874
ALL-218,69999900,6023235,71179,147847,143570,1.01684,2.1121,2.0510029300041857,0.9881825962294348,0.9754538881514668,0.9761639716863114
ALL-219,210000000,41327280,551997,1266462,1239701,2.62856,6.03077,5.903338095238095,0.9866432777574522,0.9693553023571839,0.9700028407386114
ALL-220,210000000,32276291,285434,474266,459375,1.35921,2.25841,2.1875,0.9911565427390651,0.9853060563867143,0.985767416708444
ALL-221,210000000,26669204,31190,139907,140685,0.148524,0.666224,0.6699285714285714,0.9988304862792305,0.9947539866581695,0.9947248144339066
ALL-222,209999900,38459315,189639,872709,880865,0.903043,4.15576,4.194597235522493,0.9950691009447256,0.9773082541901748,0.9770961859305086
ALL-223,209999900,27490807,74262,272319,273868,0.353629,1.29676,1.304133954349502,0.9972986606031609,0.9900941794833451,0.9900378333746259
ALL-224,209999900,42251206,106466,307505,302283,0.506981,1.46431,1.4394435425921632,0.997480166601635,0.9927219828944054,0.9928455769996246
ALL-225,209999900,45904587,17522,40420,39627,0.0834381,0.192476,0.18870008985718564,0.9996182952261394,0.9991194779728657,0.9991367529349517
ALL-226,209999900,30155076,91758,223474,216677,0.436943,1.06416,1.0317957294265379,0.9969571292076995,0.9925891747047827,0.9928145762259064
ALL-227,209999900,34237798,40755,205039,203755,0.194072,0.976377,0.9702623667916033,0.9988096489149214,0.9940113263125158,0.9940488287243239
ALL-228,209999900,34981185,368961,1049883,1002348,1.75696,4.99945,4.773087987184756,0.9894525871550663,0.9699872088381225,0.9713460821867527
ALL-229,69999900,12447998,207791,478291,452584,2.96845,6.83274,6.465494950707073,0.983307275595642,0.9615768736466699,0.9636420250067521
ALL-230,69999900,10029994,64026,160936,152731,0.914658,2.29909,2.181874545535065,0.9936165465303369,0.9839545267923391,0.9847725731441116
ALL-231,69999900,11503492,170724,406781,381976,2.43892,5.81117,5.456807795439707,0.9851589413023454,0.9646384767338474,0.9667947784898707
ALL-232,69999900,10922652,48259,110881,108079,0.689415,1.58402,1.5439879199827429,0.995581750659089,0.9898485276286382,0.9901050587348201
ALL-233,69999900,11211245,70880,210481,202626,1.01257,3.00688,2.8946612780875403,0.9936777761970236,0.9812259030999679,0.9819265389347926
ALL-234,69999900,11158879,121585,373914,364513,1.73693,5.34164,5.207336010480015,0.9891041922759446,0.9664917954572319,0.9673342635940402
ALL-235,69999900,8914029,110961,239423,227902,1.58516,3.42033,3.255747508210726,0.9875520934473064,0.9731408771499397,0.9744333342420134
ALL-236,69999900,11482784,206199,488379,456479,2.9457,6.97685,6.521137887339839,0.9820427694189842,0.9574685894988533,0.9602466614368084
ALL-237,69999900,13124725,63419,246187,246088,0.905987,3.51696,3.5155478793541133,0.9951679749480465,0.9812425022238561,0.9812500452390431
ALL-238,69999900,11767880,310945,661263,611060,4.44208,9.44663,8.729441042058632,0.9735768039782866,0.9438078056540345,0.9480739096591739
ALL-239,209999900,35047261,427994,1044326,1003865,2.03807,4.97298,4.780311800148477,0.9877880899166415,0.9702023504775452,0.9713568201520798
ALL-240,209999900,35929137,601124,1439524,1369908,2.8625,6.85488,6.523374534940254,0.9832691778820071,0.959934356341484,0.9618719481071867
ALL-241,209999900,32360968,557518,1209083,1176305,2.65485,5.75754,5.601455048311927,0.9827718997775344,0.9626376133124325,0.9636505001951734
ALL-242,209999900,33098827,324876,892671,886636,1.54703,4.25082,4.222078200989619,0.9901846672693265,0.9730301318533131,0.9732124645988209
ALL-243,69999900,10909686,298064,347661,324538,4.25806,4.96659,4.636263766091094,0.9726789570295608,0.9681328133550315,0.9702523060700372
ALL-244,69999900,8123563,410018,580688,540878,5.85741,8.29555,7.726839609770871,0.9495273194779188,0.9285180652873622,0.9334186243154635
ALL-245,69999900,16462828,238438,316871,296773,3.40626,4.52674,4.239620342314775,0.9855165831775683,0.9807523348965318,0.9819731458045968
ALL-246,69999900,11664735,795940,1038340,970029,11.3706,14.8334,13.857576939395628,0.931765273707461,0.9109846901794169,0.9168408883699458
ALL-247,69999900,11065814,700398,875149,817460,10.0057,12.5021,11.678016682880976,0.9367061474194307,0.9209141776646526,0.9261274407829374
ALL-248,209999900,27515137,2028849,2454552,2281528,9.66119,11.6883,10.86442422115439,0.9262642595601105,0.9107926665965719,0.9170809870944855
ALL-249,209999900,46390560,1415579,1750343,1631071,6.74086,8.33497,7.767008460480219,0.9694856237993247,0.9622694142946323,0.9648404546097309
ALL-250,209999900,32102571,1928608,2676301,2503351,9.18385,12.7443,11.920724724154631,0.9399235656234511,0.9166328142378378,0.9220202332081129
ALL-251,69999900,11918215,113434,241457,240603,1.62049,3.44939,3.4371906245580353,0.9904822995725451,0.9797405064432887,0.9798121614688106
ALL-252,69999900,7332291,165467,337786,330189,2.36382,4.82552,4.716992452846362,0.9774331106062212,0.9539317247501498,0.9549678265633483
ALL-253,69999900,10651288,206686,473611,457791,2.95266,6.76588,6.539880771258245,0.9805952106449474,0.9555348611360429,0.9570201275188503
ALL-254,69999900,15480666,1256631,1748543,1715290,17.9519,24.9792,24.504177863111234,0.9188257792009724,0.8870498853214713,0.8891979195210336
ALL-255,69999900,18249806,1049964,1341944,1232621,14.9995,19.1707,17.608896584137977,0.9424671144449426,0.9264680402630033,0.9324584053112674
ALL-256,69999900,16838766,473106,794692,766966,6.75867,11.3528,10.95667279524685,0.9719037606437432,0.9528058053660227,0.9544523630769618
ALL-257,69999900,16544795,163981,301566,304740,2.34259,4.30809,4.3534347906211295,0.9900886653476214,0.9817727569305029,0.9815809141183073
ALL-258,69999900,17048156,426050,722544,675757,6.08644,10.3221,9.653685219550313,0.9750090273692944,0.9576174690095516,0.9603618713953579
ALL-259,69999900,15629000,906473,1274527,1258523,12.9496,18.2076,17.978925684179547,0.9420005758525818,0.9184511485059825,0.919475142363555
ALL-260,69999900,12339818,315345,484429,480035,4.50494,6.92042,6.857652653789505,0.9744449229316023,0.9607426138699938,0.961098696917572
ALL-261,209999900,34055400,978324,1796661,1724446,4.65869,8.55553,8.211651529357871,0.9712725735125707,0.9472429923007805,0.9493635076962831
ALL-262,209999900,32712585,927971,1682702,1610937,4.41891,8.01287,7.671132224348678,0.9716325995026074,0.948561020170066,0.9507548241754664
ALL-263,209999900,47198723,441316,1653639,1594650,2.10151,7.87448,7.593575044559545,0.990649831776169,0.964964327530641,0.9662141282932591
ALL-264,209999900,33448263,853176,1587465,1536791,4.06274,7.55936,7.318055865740888,0.9744926664801696,0.9525396879353646,0.954054684394224
ALL-265,209999900,39781308,589293,1424137,1405868,2.80616,6.78161,6.694612711720339,0.9851866861692934,0.9642008503088938,0.9646600860886726
ALL-266,209999900,35625452,1100902,2053926,1966470,5.24239,9.7806,9.364147316260627,0.9690978797967251,0.9423466683313941,0.9448015424477982
ALL-267,209999900,38336600,543236,1130264,1119115,2.58684,5.38221,5.329121585295993,0.9858298336315688,0.97051736460719,0.9708081833026403
ALL-268,209999900,36255957,539326,1489046,1458713,2.56822,7.0907,6.946255688693185,0.9851244858879329,0.9589296181038608,0.9597662530325706
ALL-269,209999900,38020043,161700,995589,1010876,0.77,4.7409,4.813697530332157,0.9957469800862666,0.9738141011571186,0.9734120237581004
ALL-270,209999900,34004612,1215533,2154617,2059062,5.78826,10.2601,9.805061811934197,0.964253878268042,0.9366375067005617,0.9394475667006581
ALL-271,69999900,7554572,40797,43040,42791,0.582815,0.614858,0.6113008732869618,0.994599694066057,0.9943027877687842,0.9943357479417761
ALL-272,69999900,10509069,13336,83865,87904,0.190515,1.19807,1.255773222533175,0.9987310008146297,0.9920197497989593,0.9916354150876733
ALL-273,209999900,24419460,889418,1977649,1884054,4.23533,9.41738,8.971689986519042,0.963577491066551,0.9190134016067514,0.9228462054443465
ALL-274,209999900,22535126,1570266,2376427,2205420,7.47746,11.3163,10.502005000954762,0.9303191825952072,0.8945456528621141,0.902134117199966
ALL-275,69999900,9301478,654906,837744,806607,9.35581,11.9678,11.522973604248007,0.9295911897012497,0.9099343136649896,0.9132818461754143
ALL-276,69999900,9781254,793903,1093711,1032718,11.3415,15.6245,14.753135361621945,0.9188342312754582,0.8881829466855682,0.8944186502057916
ALL-277,209999900,49642620,3068360,6303967,5850916,14.6112,30.0189,27.8615180292943,0.9381910140923263,0.8730130077743681,0.8821392585645157
ALL-278,209999900,29706302,1386244,2088155,1994863,6.60117,9.9436,9.49935214254864,0.9533350196197427,0.9297066662824609,0.9328471446900392
ALL-279,209999900,29813767,561411,1239686,1175949,2.67339,5.90327,5.599759809409433,0.9811694040541741,0.9584190082387106,0.9605568461040163
ALL-280,209999900,39636601,5216008,6731161,6256147,24.8381,32.0532,29.79119037675732,0.8684042559552471,0.8301781477175604,0.8421623741147733
ALL-281,209999900,37057203,3862566,4492190,4137308,18.3932,21.3914,19.70147604832193,0.8957674706318229,0.8787768736890369,0.888353473412443
ALL-282,209999900,38591471,2996698,3611662,3327332,14.27,17.1984,15.844445640212209,0.9223481789538419,0.9064129480837877,0.9137806382140758
ALL-283,209999900,40435585,4472652,6019668,5660053,21.2984,28.6651,26.952646167926748,0.8893882207961131,0.8511294445226896,0.8600229723398338
ALL-284,209999900,29592288,1452035,2202157,2069460,6.91446,10.4865,9.854576121226724,0.9509319793048784,0.9255834155169076,0.93006759058306
ALL-285,209999900,42158329,7173478,9019951,8497187,34.1594,42.9522,40.46281450610215,0.8298443470091046,0.7860458131535526,0.7984458302415165
ALL-286,209999900,40105691,5711360,7246633,6829259,27.197,34.5078,32.5202964382364,0.8575922803574186,0.819311603433039,0.829718455667551
ALL-287,209999900,37497133,2125620,3561088,3340536,10.122,16.9576,15.907321860629457,0.943312466049071,0.9050303925902815,0.9109122289429434
ALL-288,209999900,26882487,1236864,1554965,1508261,5.88983,7.4046,7.182198658189837,0.9539899712403841,0.9421569514755089,0.9438942907328477
ALL-289,209999900,29734402,590556,1488964,1406725,2.81217,7.09031,6.698693666044603,0.9801389649605194,0.9499245352235435,0.9526903214666971
ALL-290,209999900,38259361,3232121,4663267,4391281,15.3911,22.206,20.910871862319933,0.9155207793460011,0.8781143521973616,0.8852233574941306
ALL-291,209999900,36851130,4301922,5015697,4625472,20.4854,23.8843,22.026067631460776,0.8832621414865705,0.8638929932406415,0.8744822207622941
ALL-292,209999900,41461608,3860712,5786349,5572891,18.3844,27.5541,26.53758882742325,0.9068846533882622,0.8604407962180338,0.8655891252456972
ALL-293,209999900,40126486,5693312,7243494,6824924,27.111,34.4928,32.49965357126361,0.8581158589366634,0.819483470344251,0.8299147351203392
ALL-294,209999900,30481398,2014520,2616480,2472398,9.59296,12.4594,11.773329415871151,0.9339098554469188,0.9141614173995563,0.9188883003332065
ALL-295,209999900,26467404,981414,1315959,1253591,4.6734,6.26647,5.969483794992283,0.9629198995111119,0.9502800123502857,0.9526364202548916
ALL-296,209999900,23659741,1802803,2363937,2223320,8.58478,11.2568,10.587243136782446,0.9238029275130273,0.900086099843612,0.9060294024351323
ALL-297,209999900,36522058,1388194,1636361,1544957,6.61045,7.7922,7.356941598543618,0.9619902580517231,0.9551952685689289,0.9576979752893443
ALL-298,209999900,23334101,1646420,2185703,2056113,7.8401,10.4081,9.791018948104261,0.9294414642329696,0.906330096025555,0.9118837704525236
ALL-299,209999900,27501852,2221459,2858414,2681082,10.5784,13.6115,12.767063222411059,0.919225112548784,0.8960646722991601,0.9025126744191627
ALL-300,209999900,32918925,2359439,3432678,3209841,11.2354,16.3461,15.28496442141163,0.9283257579036983,0.8957232655683622,0.9024925327907882
ALL-301,209999900,23641045,2014847,2637062,2471450,9.59451,12.5574,11.768815128007203,0.9147733528699767,0.8884540848342364,0.8954593589242776
ALL-302,209999900,27481811,2185892,2936654,2790343,10.409,13.9841,13.287353946359023,0.9204604092503219,0.893141903930567,0.8984658252689388
ALL-303,209999900,31884894,1599323,1806692,1705239,7.61583,8.6033,8.120189581042657,0.9498407302216529,0.9433370548448429,0.9465189064138021
ALL-304,209999900,43540556,3099,5385,5177,0.0147571,0.0256429,0.02465239269161557,0.9999288249787164,0.9998763222040619,0.999881099359411
ALL-305,209999900,29976553,1637670,2787499,2602550,7.79843,13.2738,12.393101139571971,0.9453683016856541,0.9070106893210838,0.9131804780889917
ALL-306,209999900,32122463,447677,493922,483971,2.1318,2.35201,2.3046249069642415,0.986063428573332,0.9846237818065197,0.9849335650258201
ALL-307,209999900,33757530,845023,947110,900422,4.02392,4.51005,4.287725851298024,0.9749678664286161,0.9719437411445684,0.9733267807212198
ALL-308,209999900,35141826,161504,373575,358296,0.769067,1.77893,1.7061722410344005,0.9954042228767509,0.9893695051588953,0.9898042862086904
ALL-309,209999900,37589481,3680035,4495180,4198167,17.524,21.4056,19.991280948229022,0.9020993399722651,0.8804138849376505,0.888315377379113
ALL-310,209999900,30095044,1746583,2852467,2664574,8.31707,13.5832,12.68845366116841,0.9419644310870587,0.9052180485265282,0.911461368855284
ALL-311,209999900,33923145,935499,1184856,1125718,4.45476,5.64217,5.360564457411646,0.9724229873144132,0.9650723422017622,0.9668156357554702
ALL-312,209999900,31354100,1021363,1374130,1307376,4.86364,6.54348,6.225602964572841,0.9674248981791855,0.956173833725095,0.9583028694811843
ALL-313,209999900,31773567,2408127,3299004,3093367,11.4673,15.7096,14.73032606206003,0.9242097369804277,0.8961714307996959,0.9026433827841867
ALL-314,209999900,32766639,924223,1177781,1122281,4.40106,5.60848,5.344197782951325,0.971793780863518,0.9640554833835719,0.9657492793203477
ALL-315,209999900,30770780,2120415,2961998,2791910,10.0972,14.1048,13.294815854674216,0.9310899821194003,0.9037399116954461,0.9092674933817082
ALL-316,209999900,25839066,509163,650855,628205,2.42459,3.09931,2.991453805454193,0.9802948372824312,0.9748112025411445,0.9756877822131806
ALL-317,209999900,28153262,1185032,1598556,1515689,5.64301,7.61218,7.217570103604811,0.9579078260984464,0.943219510407,0.9461629348670147
ALL-318,209999900,18563146,664293,913846,874373,3.1633,4.35165,4.163682935087112,0.9642144171036526,0.950770952294401,0.9528973698746969
ALL-319,209999900,28785029,1491122,1957137,1849985,7.10058,9.3197,8.809456575931703,0.9481980025102632,0.9320085103961507,0.9357310010005548
ALL-320,209999900,30709632,510025,741546,707586,2.42869,3.53117,3.3694587473613082,0.9833920185041618,0.9758529831943281,0.9769588251659935
ALL-321,209999900,29844036,647612,911556,870718,3.08387,4.34074,4.1462781648943645,0.9783001199971746,0.9694560078938385,0.9708243884975879
ALL-322,209999900,27538605,1536398,2005942,1895699,7.31618,9.55211,9.02714239387733,0.9442093018146707,0.9271589101917108,0.931162126767133
ALL-323,209999900,30591298,2015211,2581070,2418465,9.59625,12.2908,11.51650548405023,0.9341246978143916,0.9156273133621202,0.9209427138397331
ALL-324,209999900,18673862,606600,833984,797137,2.88857,3.97135,3.7958922837582305,0.9675160928146518,0.9553395007417319,0.9573126865776346
ALL-325,209999900,25482211,959102,1255187,1190429,4.56715,5.97708,5.668712223196297,0.9623619002291441,0.9507426180561804,0.9532839203003225
ALL-326,209999900,33988905,193082,319007,297873,0.919439,1.51908,1.4184435325921583,0.9943192638892014,0.9906143784273133,0.9912361695676869
ALL-327,209999900,34578618,926352,1571266,1469572,4.4112,7.48222,6.997965237126303,0.9732102653726646,0.9545596067488874,0.9575005571362049
ALL-328,209999900,40283949,377345,489553,463121,1.79688,2.33121,2.205339145399593,0.9906328696821655,0.9878474426625851,0.9885035848893563
ALL-329,209999900,32526956,1699769,2211099,2088175,8.09414,10.529,9.943695211283433,0.9477427583448018,0.9320225661448308,0.9358017085890238
ALL-330,209999900,32377008,1711068,2410877,2288919,8.14795,11.4804,10.899619476009274,0.9471517565798544,0.9255373751644994,0.9293041840061318
ALL-331,209999900,24851223,2695482,3452258,3216088,12.8356,16.4393,15.314712054624788,0.8915352375213084,0.8610829736629059,0.8705863288901314
ALL-332,209999900,29278291,2754335,3542167,3311948,13.1159,16.8675,15.771188462470697,0.9059256908130328,0.8790172896362017,0.8868804193523454
ALL-333,209999900,41227660,450293,473599,460339,2.14425,2.25523,2.192091520043581,0.9890778909111019,0.9885125908188823,0.9888342195506609
ALL-334,209999900,25185004,2834759,3666303,3426619,13.4989,17.4586,16.317241103448143,0.8874425828957582,0.8544251571292186,0.8639420903010379
ALL-335,209999900,45369033,43942,1127309,1232614,0.209248,5.36814,5.8695932712348915,0.9990314538994032,0.9751524569633212,0.9728313803822973
ALL-336,209999900,28409779,253521,678099,652560,1.20724,3.22904,3.1074300511571673,0.9910762769397115,0.9761314933143267,0.9770304443410137
ALL-337,209999900,47957815,23842,314328,317119,0.113533,1.4968,1.5100911952815215,0.999502854748491,0.9934457397610796,0.9933875427810879
ALL-338,209999900,35299009,176526,600585,592650,0.8406,2.85993,2.822144201021048,0.9949991230631999,0.9829857829719809,0.9832105768181764
ALL-339,209999900,41847414,247785,835959,826959,1.17993,3.98076,3.9379018751913692,0.9940788455888816,0.9800236401704535,0.9802387072233424
ALL-340,209999900,34622057,249594,989226,963383,1.18854,4.7106,4.587540279781086,0.99279089627748,0.9714278675007669,0.9721742991758116
ALL-341,209999900,36779135,143072,646819,647326,0.681296,3.08009,3.082506229764871,0.9961099683285102,0.9824134254380915,0.982399640448314
ALL-342,209999900,34318358,55437,292881,312468,0.263986,1.39467,1.4879435656874123,0.998384625511512,0.991465763018149,0.9908950189283532
ALL-343,209999900,36929802,224543,822967,815560,1.06925,3.91889,3.883620896962332,0.9939197345276858,0.9777153692835938,0.9779159390023267
ALL-344,209999900,37818507,648356,1461139,1379707,3.08741,6.95781,6.5700364619221245,0.9828561185664997,0.9613644451908162,0.9635176766761311
ALL-345,209999900,39345007,338611,719614,702273,1.61243,3.42673,3.3441587353136835,0.9913937999807702,0.9817101570219571,0.9821508990962945
ALL-346,209999900,36695929,243198,905798,889878,1.15809,4.31333,4.237516303579192,0.9933726163466252,0.975316117490853,0.9757499530806265
ALL-347,209999900,41397241,353563,996875,978608,1.68363,4.74703,4.660040314304911,0.9914592617416219,0.9759192889207279,0.9763605502115467
ALL-348,209999900,36715490,478327,1140938,1084933,2.27775,5.43304,5.1663500792143235,0.9869720654688253,0.9689248870163519,0.9704502649971443
ALL-349,209999900,47412871,192589,522605,510525,0.917091,2.4886,2.431072586225041,0.9959380439121689,0.988977571090348,0.9892323542271887
ALL-350,209999900,42574907,404225,1057191,1034110,1.92488,5.03425,4.924335678255085,0.9905055576515998,0.9751686832809758,0.9757108101257861
ALL-351,209999900,32237434,40529,68369,65245,0.192995,0.325567,0.31069062413839243,0.9987427969608251,0.9978792046538195,0.9979761106296487
ALL-352,209999900,39249856,37705,321866,341164,0.179548,1.5327,1.624591249805357,0.9990393595329369,0.9917995622710055,0.9913078916773606
ALL-353,209999900,46998307,25127,205959,206515,0.119652,0.980758,0.9834052301929668,0.9994653637204421,0.9956177357622691,0.9956059055488956
ALL-354,209999900,36180978,266581,1160754,1134086,1.26943,5.5274,5.400412095434331,0.9926320123242661,0.9679181143196295,0.9686551867116472
ALL-355,209999900,32280724,175145,287273,278001,0.834024,1.36797,1.323814916102341,0.9945743162390038,0.9911007881979351,0.9913880184347786
ALL-356,209999900,31182786,70136,101217,94726,0.333981,0.481986,0.4510764052744787,0.9977508103349072,0.9967540745076466,0.9969622342275639
ALL-357,209999900,40065967,634658,1399173,1322187,3.02218,6.66273,6.2961315695864615,0.9841596734705043,0.9650782670489395,0.9669997481902783
ALL-358,209999900,11866966,25340,73920,73893,0.120667,0.352,0.3518715961293315,0.9978646606049094,0.9937709436430509,0.9937732188665578
ALL-359,209999900,63341565,158294,396927,395927,0.753781,1.89013,1.885367564460745,0.9975009458639047,0.9937335460530538,0.9937493334747887
ALL-360,209999900,37447353,40181,254147,267836,0.191338,1.21022,1.2754101311476815,0.9989270002608729,0.9932132185684793,0.9928476653610203
ALL-361,209999900,48400443,15762,21817,21227,0.0750572,0.103891,0.10108100051476215,0.9996743418236895,0.9995492396629511,0.9995614296340222
ALL-362,209999900,37553727,706467,1534603,1446152,3.36413,7.30764,6.8864413744958926,0.9811878325685224,0.9591358002895425,0.9614911191104947
ALL-363,209999900,37821159,478886,1274971,1217004,2.28041,6.07129,5.795259902504715,0.9873381458246692,0.9662894783314282,0.9678221389249335
ALL-364,209999900,48673202,214018,769519,775214,1.01913,3.66438,3.6914969959509505,0.9956029603312312,0.9841900888295781,0.9840730839939398
ALL-365,209999900,47254219,33433,160733,161368,0.159205,0.765396,0.7684194135330541,0.999292486455019,0.9965985471053918,0.9965851091518411
ALL-366,209999900,17573176,19598,37328,36803,0.0933239,0.177752,0.17525246440593542,0.9988847775723637,0.9978758535167462,0.9979057285945352
ALL-367,209999900,31689493,33584,407081,422240,0.159924,1.93848,2.01066762412744,0.9989402165569515,0.9871540702781203,0.9866757098322778
ALL-368,209999900,31729172,32412,405367,421053,0.154343,1.93032,2.005015240483448,0.9989784794888439,0.9872241544784087,0.9867297829265762
ALL-369,209999900,54304363,33392,84126,79597,0.15901,0.4006,0.3790335138254828,0.9993850954480398,0.99845084270669,0.9985342430036422
ALL-370,209999900,38504724,823955,1711066,1618218,3.9236,8.14794,7.705803669430319,0.9786011970894792,0.955562179850971,0.9579735203399977
ALL-371,209999900,45318631,25617,1362688,1456830,0.121986,6.48899,6.937289017756675,0.9994347357933209,0.9699309540043255,0.9678536185261201
ALL-372,209999900,58235405,719606,1488901,1453784,3.4267,7.09001,6.922784248944881,0.9876431528208656,0.9744330618117965,0.975036079855545
ALL-373,209999900,38195708,313809,979246,953363,1.49433,4.66308,4.5398259713457,0.9917841816153794,0.9743624074202264,0.9750400490023643
ALL-374,209999900,38875689,34275,359026,390024,0.163214,1.70965,1.8572580272657273,0.9991183436002896,0.9907647681819864,0.9899674061082235
ALL-375,209999900,38756240,460032,1110897,1083829,2.19063,5.28999,5.161092933853778,0.9881301178855327,0.9713363061019336,0.9720347226665951
ALL-376,209999900,37065801,109311,477072,479954,0.520529,2.27177,2.285496326426822,0.9970508933558457,0.98712905192579,0.9870512983113463
ALL-377,209999900,41884351,166811,1043616,1074243,0.794338,4.9696,5.115445293069187,0.996017343088353,0.9750833909304217,0.9743521631742604
ALL-378,209999900,44422837,179462,656794,665487,0.854581,3.12759,3.168987223327249,0.9959601409518262,0.9852149469877397,0.9850192593507704
ALL-379,209999900,38230439,663154,1343414,1284584,3.15788,6.39721,6.117069579556943,0.9826537696833667,0.964860094857922,0.9663989210272997
ALL-380,209999900,53318617,34140,114152,111531,0.162572,0.543581,0.5311002529048824,0.9993596983207572,0.997859059247542,0.9979082165615811
ALL-381,209999900,37311360,607654,1331714,1260585,2.89359,6.3415,6.002788572756463,0.9837139680783547,0.9643080820425737,0.9662144451448567
ALL-382,209999900,38849334,264943,868671,846176,1.26163,4.13653,4.029411442576877,0.9931802434502481,0.9776400027861482,0.9782190345914296
ALL-383,209999900,34500819,32845,334076,345397,0.156405,1.59084,1.6447484022611438,0.9990479936142965,0.9903168675503037,0.9899887304124577
ALL-384,209999900,37170135,299836,851120,836866,1.42779,4.05295,3.985078088132423,0.9919334164376858,0.9771020471138994,0.9774855270232405
ALL-385,209999900,39444639,615503,1534766,1460563,2.93097,7.30841,6.955065216697722,0.984395775557738,0.9610906313529705,0.9629718248910835
ALL-386,209999900,40008915,976133,2050879,1929515,4.64825,9.7661,9.18817104198621,0.9756021126791367,0.9487394496951492,0.9517728736207918
ALL-387,209999900,39301344,845485,1913353,1811991,4.02612,9.11121,8.628532680253658,0.9784871224760151,0.9513158379520049,0.9538949355014424
ALL-388,209999900,31623183,1831985,3176938,3013544,8.72374,15.1283,14.350216357245884,0.9420682921134157,0.8995376904342615,0.9047045959921238
ALL-389,209999900,28171984,613873,1803618,1730485,2.92321,8.58866,8.240408685908898,0.9782098058837461,0.9359783109347215,0.9385742587387527
ALL-390,209999900,32724570,1595806,2956825,2819460,7.59908,14.0801,13.426006393336378,0.9512352339541819,0.9096451076362501,0.9138427181778095
ALL-391,209999900,36048058,1268960,2599095,2496265,6.04267,12.3766,11.886981850943739,0.964798103687028,0.9278991672727557,0.930751748124684
ALL-392,209999900,38670625,1429415,2487434,2396465,6.80674,11.8449,11.411743529401681,0.9630361547039904,0.9356763951966124,0.9380288009309392
ALL-393,209999900,35594262,1308252,2517291,2382351,6.22977,11.9871,11.344533973587607,0.963245424220342,0.9292781797245859,0.9330692402050645
ALL-394,209999900,27766963,690366,2126842,2024842,3.28746,10.1278,9.642109353385406,0.9751371440945846,0.92340386667422,0.9270772968581403
ALL-395,209999900,32191105,1874179,3070891,2928434,8.92467,14.6233,13.944930449966881,0.9417796002964173,0.904604361981361,0.9090297148855251
ALL-396,209999900,33376917,1935865,2999582,2852161,9.21841,14.2837,13.581725515107388,0.94199988572941,0.9101300458637327,0.9145469007817588
ALL-397,209999900,33038061,1330409,2644495,2515362,6.33528,12.5928,11.97791998948571,0.9597310205341651,0.9199561075936025,0.9238647207534365
ALL-398,209999900,37237445,1209706,2381421,2289109,5.76051,11.3401,10.900524238344875,0.9675137217389647,0.936047679963005,0.9385266900024961
ALL-399,209999900,33217932,1357419,2702601,2587448,6.4639,12.8695,12.321186819612771,0.959135957048741,0.9186402994623506,0.9221068909407124
ALL-400,209999900,29413309,1127466,2568678,2441090,5.36889,12.2318,11.624243630592206,0.9616681686511368,0.9126695333734807,0.9170072976148315
ALL-401,209999900,11946072,192818,357775,349450,0.918181,1.70369,1.6640484114516245,0.9838592970141148,0.9700508250745516,0.9707477068613014
ALL-402,209999900,11391110,169345,316990,310400,0.806405,1.50948,1.4780959419504485,0.9851335822408879,0.972172158815076,0.9727506801356497
ALL-403,209999900,13005052,170050,341715,337768,0.809762,1.62722,1.6084198135332446,0.986924312182681,0.9737244418553651,0.9740279392962058
ALL-404,209999900,11281798,124207,226999,220029,0.591462,1.08095,1.0477576417893533,0.9889904960184538,0.9798791823785535,0.9804969917029183
ALL-405,209999900,8398099,18195,33436,31497,0.0866429,0.159219,0.149985785707517,0.9978334382578724,0.9960186227859424,0.9962495083708826
ALL-406,209999900,9230614,76458,114526,107578,0.364086,0.545362,0.5122764344173497,0.9917169107060484,0.9875928080190548,0.9883455206771727
ALL-407,209999900,46897354,24604,61572,73932,0.117162,0.2932,0.3520573105034812,0.9994753648574715,0.9986870901074717,0.998423535792659
ALL-408,209999900,50403456,15125,39391,46128,0.0720238,0.187576,0.21965724745583212,0.9996999213704711,0.9992184861292052,0.9990848246596424
ALL-409,209999900,35822558,5560,101580,101698,0.0264762,0.483715,0.48427642108401003,0.9998447905367339,0.997164356604573,0.9971610625907843
ALL-410,209999900,46685307,5748,64845,65245,0.0273714,0.308786,0.31069062413839243,0.9998768777508521,0.9986110190942945,0.9986024510880908
ALL-411,209999900,35935781,3237,8380,12096,0.0154143,0.0399048,0.05760002742858449,0.9999099226478478,0.9997668062369369,0.99966339955155
ALL-412,209999900,48822179,2195625,2758193,2572169,10.4554,13.1343,12.248429642109354,0.9550281235911244,0.9435053277732647,0.9473155632811883
ALL-413,209999900,46916699,2777861,3455666,3234547,13.2279,16.4556,15.40261209648195,0.9407916358309864,0.9263446475635466,0.9310576603012928
ALL-414,209999900,24704450,1765546,2019126,2001485,8.40737,9.61489,9.530885490897854,0.928533280441378,0.9182687329610657,0.9189828148370031
ALL-415,209999900,54807263,3569454,4262493,4051936,16.9974,20.2976,19.2949425214012,0.9348726098582956,0.9222275887048036,0.9260693605517211
ALL-416,209999900,39132559,732949,968083,939734,3.49023,4.60992,4.474925940440924,0.9812700978742535,0.9752614440573641,0.9759858791754457
ALL-417,209999900,35942085,216494,540109,547387,1.03092,2.57195,2.606606003145716,0.9939765876131004,0.9849727972097334,0.9847703047833758
ALL-418,209999900,35506590,281246,594974,581748,1.33927,2.83321,2.770229890585662,0.9920790478612562,0.9832432796278099,0.9836157738605706
ALL-419,209999900,36613074,93409,150783,145080,0.444805,0.718015,0.6908574718368914,0.9974487528689888,0.995881717006335,0.9960374810375113
ALL-420,209999900,43001251,72036,165183,174880,0.343029,0.786586,0.8327623013153815,0.998324792922885,0.9961586466403035,0.9959331415730207
ALL-421,209999900,34326402,98922,164961,163160,0.471057,0.785529,0.7769527509298814,0.9971181949101453,0.9951943404962745,0.9952468073991559
ALL-422,209999900,43203049,63896,153912,166127,0.304267,0.732915,0.7910813290863472,0.9985210303096895,0.9964374736607131,0.9961547389861304
ALL-423,209999900,36505399,93947,310312,291930,0.447367,1.47768,1.3901435191159615,0.9974264902569617,0.9914995587365036,0.9920031006920373
ALL-424,209999900,4328674,63143,75644,68056,0.300681,0.36021,0.3240763447982594,0.9854128539132307,0.9825249025452136,0.9842778643067138
ALL-425,209999900,35997908,161924,326637,313107,0.771067,1.55542,1.4909864242792497,0.9955018497186003,0.9909262227127199,0.991302077887415
ALL-426,209999900,43495496,54507,137519,151002,0.259557,0.654853,0.7190574852654692,0.9987468357643283,0.9968383163167055,0.9965283301976829
ALL-427,209999900,31164099,791631,1607288,1535393,3.76967,7.65376,7.311398719713676,0.974597982120388,0.9484250130254046,0.9507319945299879
ALL-428,209999900,46698325,113641,212282,214707,0.541148,1.01087,1.0224147725784631,0.9975664865923992,0.9954541838492066,0.9954022547917939
ALL-429,209999900,49208112,85271,183628,187417,0.406053,0.874419,0.8924623297439666,0.9982671353048457,0.9962683388462455,0.9961913393466508
ALL-430,209999900,41231033,172640,262993,254162,0.822096,1.25235,1.2102958144265783,0.9958128626076382,0.9936214792387084,0.993835662569987
ALL-431,209999900,47651181,108000,212370,215365,0.514286,1.01129,1.0255481074038606,0.9977335294166161,0.9955432374278405,0.995480384840829
ALL-432,209999900,48449198,89476,191286,194563,0.426076,0.910886,0.9264909173766274,0.9981531995637988,0.9960518231901383,0.9959841853316127
ALL-433,209999900,45828102,159286,301021,322503,0.758505,1.43343,1.5357293027282395,0.9965242723776778,0.9934315193764734,0.9929627676921903
ALL-434,209999900,45082030,164714,414266,446102,0.784353,1.9727,2.124296249664881,0.9963463490885393,0.9908108397070851,0.990104660326964
ALL-435,1688449895,232412746,1249656,2128740,2116425,0.74012,1.26077,1.2534721973493919,0.9946231176150726,0.9908406916718758,0.9908936792993273
ALL-436,581242790,107966011,627658,891739,863282,1.07986,1.53419,1.4852347673852435,0.9941865222750519,0.9917405580539601,0.9920041317447581
ALL-437,455262770,57515849,378712,559693,546315,0.831854,1.22938,1.199999288323093,0.9934155192597435,0.9902688909277858,0.9905014876855943
ALL-438,478059146,95573070,393929,938487,1037042,0.824017,1.96312,2.1692755147079645,0.9958782426890755,0.9901804242554937,0.9891492237300737
ALL-439,1266535337,173458723,331573,500498,488361,0.261795,0.395171,0.3855881361800488,0.9980884616566674,0.9971145988432072,0.9971845693802324
ALL-440,2135595752,284134248,4052247,4802944,4640733,1.89748,2.24899,2.173039066805561,0.9857382662297014,0.9830962158423084,0.9836671114704906
mean:
TAGE mpki = 3.3436846777189775
HYB mpki = 5.311278146123636
MLP mpki = 5.071118715867261
TAGE acc = 0.975713739713782
HYB acc = 0.9618543340271998
MLP acc = 0.9635531107975925
