traces,total_instruction_cnt,total_branch_cnt,TAGE_mispred,HYB_mispred,ML_mispred,TAGE_mpki,HYB_mpki,ML_mpki,TAGE_acc,HYB_acc,ML_acc
LONG_MOBILE-1,692734931,108535734,2574504,5034770,5102658,3.71643,7.26796,7.365960299755694,0.9762796647231409,0.9536118675900787,0.9529863777398879
LONG_MOBILE-2,642168792,29215542,9399,127605,141877,0.0146363,0.198709,0.22093412474644206,0.9996782876730474,0.9956322905116736,0.9951437834013143
LONG_MOBILE-3,1889750733,61417733,14210,159171,159613,0.00751951,0.0842286,0.08446246227755795,0.999768633596424,0.9974083869230406,0.9974011903044354
LONG_MOBILE-4,1283893069,137019006,8112793,9736184,8977666,6.3189,7.58333,6.992534048799356,0.9407907469420702,0.9289428212608695,0.934478681008677
LONG_MOBILE-5,710761113,34025127,995522,877276,879221,1.40064,1.23428,1.2370133704824675,0.9707415640212012,0.9742168192347966,0.9741596555980526
LONG_MOBILE-6,536505108,47021806,427429,4075565,3899337,0.796691,7.59651,7.268033317587724,0.9909099833383685,0.9133260640818432,0.9170738571802197
LONG_MOBILE-7,1000000000,1548329,1209,4374,4305,0.001209,0.004374,0.004305,0.999219158202165,0.9971750190043589,0.9972195831764438
LONG_MOBILE-8,916778731,83839790,7888482,9781956,9444884,8.60456,10.6699,10.30225034747234,0.9059100458147618,0.8833256142459326,0.8873460441635171
LONG_MOBILE-9,599758591,95858342,4503077,5791798,5319443,7.50815,9.65688,8.869306884176003,0.9530236293884574,0.9395796142603844,0.9445072500836703
LONG_MOBILE-10,5789354553,384485592,1044,1925,1802,0.000180331,0.000332507,0.00031126095033620236,0.9999972846836872,0.9999949933104385,0.999995313218395
LONG_MOBILE-11,990358237,267070415,270528,4035461,4022733,0.273162,4.07475,4.061896846726585,0.9989870536577404,0.9848898987931703,0.9849375566365147
LONG_MOBILE-12,925056138,90114738,217783,1061400,1479051,0.235427,1.14739,1.5988770186399217,0.9975832698975389,0.9882216824510992,0.9835870243555499
LONG_MOBILE-13,22521563217,1729238200,14771212,38991214,37821362,0.65587,1.73128,1.6793400012060984,0.9914579657099872,0.9774517969820468,0.9781283099112661
LONG_MOBILE-14,692129943,94038052,1222872,2222986,2195801,1.76682,3.2118,3.1725270987156238,0.986995987539172,0.9763607821225391,0.9766498672260885
LONG_MOBILE-15,1027774508,158023130,577988,1916395,1881024,0.562368,1.86461,1.830191336094123,0.996342383548535,0.9878726930671479,0.9880965273881108
LONG_MOBILE-16,1207440258,231358743,353735,3007033,3076135,0.292963,2.49042,2.547649856478448,0.998471054106652,0.9870027258922305,0.986704046883588
LONG_MOBILE-17,1688784689,323544003,370051,5227447,5176043,0.219123,3.09539,3.064951401865771,0.998856257582991,0.9838431652216406,0.9840020431471265
LONG_MOBILE-18,2883605006,131075501,505,513,510,0.000175128,0.000177902,0.00017686194847728047,0.9999961472586704,0.9999960862251444,0.9999961091127166
LONG_MOBILE-19,684914548,111577971,74895,1078937,1144886,0.109349,1.57529,1.671574948061988,0.9993287653527954,0.990330196988436,0.9897391394579133
LONG_MOBILE-20,1899254569,9027233,169,26190,26289,8.89823e-05,0.0137896,0.013841746350960075,0.9999812788702807,0.9970987787730747,0.9970878119574403
LONG_MOBILE-21,996258435,196743338,16819,5691688,5601105,0.0168822,5.71306,5.622140604510917,0.9999145129884907,0.9710704918506567,0.971530903882499
LONG_MOBILE-22,1540382230,296731952,69093,193325,193088,0.0448545,0.125505,0.12535070597380235,0.9997671534880747,0.9993484860706878,0.9993492847713279
LONG_MOBILE-23,1658101133,70058311,2220397,3151959,3039653,1.33912,1.90094,1.8332132699893644,0.9683064440420209,0.9550094920215818,0.956612528098201
LONG_MOBILE-24,3084656168,92654542,2632221,4608056,4475449,0.853327,1.49386,1.4508745079688246,0.9715910203301205,0.9502662697312777,0.9516974677830689
LONG_MOBILE-25,1734496501,63232626,904973,1975946,1928013,0.52175,1.1392,1.111569264560886,0.9856881952047982,0.9687511633630398,0.9695092055800434
LONG_MOBILE-26,553679960,10147965,549621,759538,723620,0.992669,1.3718,1.3069282839855718,0.9458392889608902,0.9251536638133853,0.9286930926545371
LONG_MOBILE-27,782986807,23285236,1422390,1889378,1775247,1.81662,2.41304,2.2672757498965113,0.938914512182741,0.9188594008667123,0.923760832829867
LONG_MOBILE-28,999996622,142579090,409,913962,913871,0.000409001,0.913965,0.9138740870666661,0.9999971314166755,0.9935897893583133,0.9935904276005689
LONG_MOBILE-29,910220449,89831572,889,1096502,1096382,0.000976686,1.20466,1.204523586791006,0.9999901037020703,0.9877938014933102,0.9877951373265516
LONG_MOBILE-30,999996940,165951792,424,826493,826400,0.000424001,0.826496,0.8264025287917381,0.9999974450411478,0.9950196801731432,0.9950202405768538
LONG_MOBILE-31,1862651444,87016545,4207,498680,498705,0.00225861,0.267726,0.2677393033497683,0.9999516528724509,0.994269135829284,0.994268848527599
LONG_MOBILE-32,595153582,65161478,892019,1513778,1479048,1.4988,2.54351,2.4851534876589216,0.9863106389330212,0.9767688203757441,0.9773018039891606
mean:
TAGE mpki = 1.236636039040625
HYB mpki = 2.6067238627812506
MLP mpki = 2.543786987902496
TAGE acc = 0.9843933519084435
HYB acc = 0.9716306716214713
MLP acc = 0.9724490607991002
