traces,total_instruction_cnt,total_branch_cnt,TAGE_mispred,HYB_mispred,ML_mispred,TAGE_mpki,HYB_mpki,ML_mpki,TAGE_acc,HYB_acc,ML_acc
LONG_SERVER-1,1352717599,145805540,760774,4323493,4228647,0.562404,3.19615,3.1260382825846564,0.9947822695900307,0.9703475396065198,0.9709980361514384
LONG_SERVER-2,1578129863,400113461,630099,1387160,1313859,0.399269,0.87899,0.8325417513501548,0.998425199196185,0.996533083399561,0.9967162839342714
LONG_SERVER-3,1978831966,291630816,1825162,3747876,3607659,0.922343,1.89398,1.8231254911919086,0.9937415324449115,0.9871485597736008,0.9876293628722693
LONG_SERVER-4,783804269,103345502,1062133,2058833,1963334,1.3551,2.62672,2.5048779110438857,0.9897225038395963,0.9800781556995097,0.9810022307502072
LONG_SERVER-5,581242790,107966011,627658,891739,862312,1.07986,1.53419,1.4835659294801746,0.9941865222750519,0.9917405580539601,0.992013116053718
LONG_SERVER-6,746193682,123676019,660999,1106864,1086225,0.885828,1.48335,1.4556877472999028,0.9946553987964312,0.9910502940751998,0.9912171736381651
LONG_SERVER-7,1427677542,281038427,20487984,17511963,17561720,14.3506,12.266,12.300900927108652,0.9270989941884353,0.9376883681461824,0.9375113211831348
LONG_SERVER-8,2135595752,284134248,4052247,4802944,4662272,1.89748,2.24899,2.1831247770715736,0.9857382662297014,0.9830962158423084,0.9835913057548769
mean:
TAGE mpki = 2.6816105
HYB mpki = 3.26604625
MLP mpki = 3.2137328521413635
TAGE acc = 0.984793835820043
HYB acc = 0.9797103468246053
MLP acc = 0.9800848537922602
