traces,total_instruction_cnt,total_branch_cnt,TAGE_mispred,HYB_mispred,ML_mispred,TAGE_mpki,HYB_mpki,ML_mpki,TAGE_acc,HYB_acc,ML_acc
LONG_SERVER-1,1352717599,145805540,760774,4323493,4240667,0.562404,3.19615,3.134924098817761,0.9947822695900307,0.9703475396065198,0.9709155975829177
LONG_SERVER-2,1578129863,400113461,630099,1387160,1335348,0.399269,0.87899,0.84615850146928,0.998425199196185,0.996533083399561,0.9966625766684716
LONG_SERVER-3,1978831966,291630816,1825162,3747876,3671264,0.922343,1.89398,1.855268190063188,0.9937415324449115,0.9871485597736008,0.9874112617783163
LONG_SERVER-4,783804269,103345502,1062133,2058833,1997087,1.3551,2.62672,2.5479409579485206,0.9897225038395963,0.9800781556995097,0.9806756272759699
LONG_SERVER-5,581242790,107966011,627658,891739,871280,1.07986,1.53419,1.4989949380705436,0.9941865222750519,0.9917405580539601,0.9919300528756221
LONG_SERVER-6,746193682,123676019,660999,1106864,1084021,0.885828,1.48335,1.45273409055747,0.9946553987964312,0.9910502940751998,0.9912349943928903
LONG_SERVER-7,1427677542,281038427,20487984,17511963,16446833,14.3506,12.266,11.519991395928255,0.9270989941884353,0.9376883681461824,0.9414783480836946
LONG_SERVER-8,2135595752,284134248,4052247,4802944,4737546,1.89748,2.24899,2.2183720844936388,0.9857382662297014,0.9830962158423084,0.9833263816898271
mean:
TAGE mpki = 2.6816105
HYB mpki = 3.26604625
MLP mpki = 3.134298032168582
TAGE acc = 0.984793835820043
HYB acc = 0.9797103468246053
MLP acc = 0.9804543550434637
