traces,total_instruction_cnt,total_branch_cnt,TAGE_mispred,HYB_mispred,ML_mispred,TAGE_mpki,HYB_mpki,ML_mpki,TAGE_acc,HYB_acc,ML_acc
SHORT_SERVER-1,1283891318,162876464,685333,3668987,3642743,0.533794,2.85771,2.83726741425009,0.9957923141062296,0.9774738049323075,0.9776349331846989
SHORT_SERVER-2,871444047,100664947,559654,2693931,2654234,0.642214,3.09134,3.0457882053786065,0.994440428205858,0.9732386388680063,0.9736329866641662
SHORT_SERVER-3,1041027767,110978030,488235,2800014,2779232,0.468993,2.68966,2.6697001637229145,0.9956006157254729,0.9747696548587139,0.9749569171483761
SHORT_SERVER-4,449412053,48599379,119617,503268,515370,0.266163,1.11984,1.1467649711655596,0.9975387134061939,0.9896445590385013,0.9893955435109572
SHORT_SERVER-5,1578129863,400113461,630099,1387160,1309356,0.399269,0.87899,0.8296883740042374,0.998425199196185,0.996533083399561,0.9967275382419588
SHORT_SERVER-6,1978831966,291630816,1825162,3747876,3601971,0.922343,1.89398,1.8202510682506328,0.9937415324449115,0.9871485597736008,0.9876488669839335
SHORT_SERVER-7,1170531026,141872714,370230,888072,852836,0.316292,0.758692,0.7285889746249238,0.997390407291426,0.993740360813849,0.9939887242870394
SHORT_SERVER-8,783804269,103345502,1062133,2058833,1960863,1.3551,2.62672,2.5017253382680926,0.9897225038395963,0.9800781556995097,0.9810261408377503
SHORT_SERVER-9,346537889,43714945,83599,186317,181257,0.241241,0.537653,0.523051030647907,0.9980876334169012,0.9957379106847783,0.9958536605730604
SHORT_SERVER-10,1070163876,134252700,254794,449780,442473,0.238089,0.420291,0.41346284426442365,0.9981021312792965,0.9966497508057566,0.9967041780165316
SHORT_SERVER-11,632344250,74063220,346340,1752399,1765817,0.547708,2.77127,2.7924931712433536,0.9953237247853928,0.976339146475133,0.9761579769283593
SHORT_SERVER-12,992739167,166307111,161121,762094,749235,0.162299,0.767668,0.7547148585505542,0.9990311839401744,0.9954175501250816,0.9954948709318869
SHORT_SERVER-13,1928327997,288740104,617063,1260525,1245839,0.319999,0.653688,0.6460721422591055,0.9978629120394027,0.9956343958371644,0.9956852581863723
SHORT_SERVER-14,1235738921,213235150,275589,488226,473026,0.223016,0.395088,0.38278797564878186,0.9987075817471932,0.9977103868663304,0.9977816696731284
SHORT_SERVER-15,209999900,20984559,70263,172926,171190,0.334586,0.823458,0.815190864376602,0.9966516808859314,0.9917593693534374,0.9918420968484494
SHORT_SERVER-16,209999900,16567904,159541,315051,308652,0.759719,1.50024,1.4697721284629184,0.9903704777623048,0.9809842572723744,0.9813704859709472
SHORT_SERVER-17,209999900,21221992,88922,263356,263121,0.423438,1.25408,1.2529577395036855,0.9958099126604137,0.9875904203526229,0.9876014937711785
SHORT_SERVER-18,209999900,49171610,19462,79879,84518,0.0926762,0.380376,0.4024668583175516,0.9996042025062836,0.9983755057033926,0.9982811626464946
SHORT_SERVER-19,209999900,11427941,192400,297889,287241,0.916191,1.41852,1.367814937054732,0.9831640712880825,0.9739332745942598,0.9748650259919963
SHORT_SERVER-20,209999900,22191363,107870,350388,345776,0.513667,1.66852,1.6465531650253167,0.9951390998380767,0.9842106138320571,0.9844184424363659
SHORT_SERVER-21,209999900,3068037,5475,16392,16109,0.0260714,0.0780572,0.07670956033788588,0.9982154713258021,0.9946571700406481,0.9947494114314788
SHORT_SERVER-22,209999900,11711600,4645,13146,12804,0.0221191,0.0626,0.060971457605456005,0.9996033846784385,0.9988775231394514,0.9989067249564534
SHORT_SERVER-23,209999900,7297598,4605,36133,43752,0.0219286,0.172062,0.20834295635378874,0.9993689704475363,0.9950486447732528,0.9940046026103384
SHORT_SERVER-24,209999900,11130409,4365,16319,17227,0.0207857,0.0777096,0.082033372396844,0.9996078311228276,0.9985338364475196,0.9984522581335511
SHORT_SERVER-25,209999900,13357653,6282,60928,60873,0.0299143,0.290133,0.2898715666055079,0.9995297078012133,0.9954387196613058,0.9954428371511073
SHORT_SERVER-26,69999900,1749705,80304,107814,99770,1.1472,1.5402,1.425287750411072,0.9541042632900975,0.9383816129004604,0.9429789593102837
SHORT_SERVER-27,209999900,2819516,5147,11526,11180,0.0245095,0.0548857,0.05323812058958123,0.9981745093838801,0.9959120643401208,0.9960347804374935
SHORT_SERVER-28,209999900,8654940,21196,84711,84122,0.100933,0.403386,0.40058114313387766,0.997550993998803,0.990212410484648,0.9902804641048927
SHORT_SERVER-29,209999900,1446937,3245,10693,10643,0.0154524,0.0509191,0.050680976514750724,0.9977573315216903,0.9926099063055268,0.9926444620602003
SHORT_SERVER-30,209999900,2425804,2772,5163,5216,0.0132,0.0245857,0.02483810706576527,0.9988572860791721,0.9978716334872891,0.997849785060953
SHORT_SERVER-31,209999900,4660148,3150,5701,5697,0.015,0.0271476,0.02712858434694493,0.9993240558025196,0.9987766482952902,0.9987775066371283
SHORT_SERVER-32,209999900,3057959,5361,29654,29622,0.0255286,0.14121,0.14105721002724286,0.9982468698893608,0.9903026822792588,0.9903131467753492
SHORT_SERVER-33,209999900,2323368,4000,33077,32988,0.0190476,0.15751,0.15708578908847098,0.9982783614132587,0.9857633401165894,0.9858016465751444
SHORT_SERVER-34,209999900,2769081,5032,28168,28075,0.0239619,0.134133,0.133690539852638,0.9981827906081476,0.9898276720688199,0.9898612572185501
SHORT_SERVER-35,209999900,3539131,9903,15908,15344,0.0471572,0.0757524,0.07306670146033403,0.9972018554837332,0.9955051112829675,0.9956644724368778
SHORT_SERVER-36,209999900,3563511,8910,14733,14363,0.0424286,0.0701572,0.0683952706644146,0.9974996569394622,0.995865594353434,0.9959694245366437
SHORT_SERVER-37,209999900,3604627,9335,15557,15154,0.0444524,0.074081,0.07216193912473291,0.9974102729630555,0.9956841581667119,0.9957959589161375
SHORT_SERVER-38,209999900,3575639,9243,14661,14214,0.0440143,0.0698143,0.06768574651702215,0.9974150074993589,0.9958997538621768,0.9960247664822987
SHORT_SERVER-39,209999900,3480966,8507,13685,13378,0.0405095,0.0651667,0.06370479224037726,0.9975561381524554,0.9960686200324852,0.996156813941877
SHORT_SERVER-40,209999900,3658880,10611,18203,17489,0.0505286,0.086681,0.08328099203856763,0.9970999322196956,0.9950249803218472,0.9952201220045478
SHORT_SERVER-41,69999900,8694263,418632,475419,446569,5.98047,6.79171,6.379566256523224,0.9518496277372792,0.945318079289757,0.9486363594015962
SHORT_SERVER-42,69999900,9856631,238370,260626,254294,3.40529,3.72323,3.632776618252312,0.97581628043091,0.9735583081075065,0.9742007182778781
SHORT_SERVER-43,69999900,3184153,62238,91715,89784,0.889116,1.31022,1.2826304037577196,0.9804538286947895,0.9711964217799836,0.9718028624880777
SHORT_SERVER-44,69999900,7151318,830098,1054273,999437,11.8586,15.0611,14.277691825274037,0.8839237746104984,0.8525764061953335,0.8602443633467285
SHORT_SERVER-45,69999900,9777636,816126,988298,925387,11.659,14.1186,13.219833171190244,0.9165313578865075,0.8989226025595553,0.9053567754005161
SHORT_SERVER-46,69999900,6565751,505381,658320,622618,7.21974,9.40458,8.894555563650805,0.923027693252455,0.8997342421301082,0.9051718531512998
SHORT_SERVER-47,69999900,6233351,492048,626126,596269,7.02927,8.94467,8.518140740201057,0.9210620419097209,0.899552263301072,0.904342142773606
SHORT_SERVER-48,69999900,9872265,198856,216354,212343,2.8408,3.09078,3.0334757621082318,0.9798571047272333,0.978084664461499,0.9784909542035186
SHORT_SERVER-49,69999900,9543393,1090269,1369093,1275798,15.5753,19.5585,18.22571175101679,0.8857566695618634,0.8565402263115435,0.866316099525609
SHORT_SERVER-50,69999900,7159931,555242,729143,690701,7.93204,10.4163,9.867171238816056,0.922451487311819,0.8981634040886707,0.9035324502428864
SHORT_SERVER-51,69999900,9822682,302586,337740,323817,4.32266,4.82486,4.625963751376788,0.9691951750041384,0.9656163153810742,0.9670337490310691
SHORT_SERVER-52,69999900,7061493,268701,314067,297347,3.83859,4.48668,4.247820354029077,0.9619484151580976,0.9555239947132993,0.9578917659480792
SHORT_SERVER-53,69999900,4216003,169327,209937,198867,2.41896,2.9991,2.840961201373145,0.9598370779147928,0.9502047318277524,0.9528304415343158
SHORT_SERVER-54,69999900,8203521,591557,758682,706558,8.45083,10.8383,10.093700133857334,0.9278898658271247,0.9075175159544298,0.9138713730360415
SHORT_SERVER-55,69999900,7514696,288793,367610,345650,4.12562,5.25158,4.937864196948853,0.9615695698136025,0.9510811881145957,0.9540034620162945
SHORT_SERVER-56,69999900,6054098,172597,220867,212044,2.46567,3.15525,3.0292043274347535,0.9714908810528009,0.9635177692861926,0.9649751292430351
SHORT_SERVER-57,69999900,9830003,1154676,1437204,1344236,16.4954,20.5315,19.203398861998373,0.8825355394092962,0.8537941443151136,0.8632517202690579
SHORT_SERVER-58,69999900,6409298,622826,881754,823966,8.89753,12.5965,11.770959672799533,0.9028246151138549,0.8624258070072572,0.8714420830487208
SHORT_SERVER-59,69999900,7774569,274705,352497,335632,3.92436,5.03568,4.7947497067852956,0.9646662085062208,0.9546602519059256,0.9568295039892244
SHORT_SERVER-60,69999900,6881726,724721,1015004,943820,10.3532,14.5001,13.483162118803026,0.8946890649235381,0.8525073506268631,0.8628512672547556
SHORT_SERVER-61,69999900,10032701,986166,1248846,1165597,14.0881,17.8407,16.651409502013575,0.9017048350190043,0.875522454023099,0.8838202195002124
SHORT_SERVER-62,69999900,9894674,301250,379012,361493,4.30358,5.41446,5.1641930917044165,0.9695543279141889,0.9616953524694194,0.9634659009483284
SHORT_SERVER-63,69999900,9865422,366861,467715,442687,5.24088,6.68165,6.324109034441478,0.9628134508589699,0.9525904720548194,0.9551274137082022
SHORT_SERVER-64,69999900,5383819,302070,410569,384199,4.31529,5.86528,5.488564983664262,0.943892987487135,0.9237401926030574,0.9286382027330413
SHORT_SERVER-65,69999900,8611446,525212,668532,620941,7.50304,9.55047,8.870598386569124,0.9390100106300382,0.9223670449771153,0.9278935268246471
SHORT_SERVER-66,69999900,9122352,422577,530719,495113,6.03682,7.58171,7.073052961504231,0.9536767491541656,0.9418221309592087,0.9457252910214383
SHORT_SERVER-67,69999900,8368350,678986,951153,892062,9.69981,13.5879,12.743761062515803,0.9188626192738114,0.8863392425030023,0.8934004911362455
SHORT_SERVER-68,69999900,9410524,260214,333558,309805,3.71735,4.76512,4.425792036845767,0.972348617356483,0.9645547899351832,0.9670788789232141
SHORT_SERVER-69,209999900,22020736,558411,969694,922240,2.6591,4.61759,4.391621138867209,0.9746415832785971,0.9559645054552218,0.9581194742991334
SHORT_SERVER-70,69999900,6115830,227599,463642,437829,3.25142,6.62347,6.254708935298479,0.9627852638153774,0.9241898483116764,0.9284105346289874
SHORT_SERVER-71,69999900,6023235,71179,147847,143570,1.01684,2.1121,2.0510029300041857,0.9881825962294348,0.9754538881514668,0.9761639716863114
SHORT_SERVER-72,210000000,41327280,551997,1266462,1239701,2.62856,6.03077,5.903338095238095,0.9866432777574522,0.9693553023571839,0.9700028407386114
SHORT_SERVER-73,210000000,32276291,285434,474266,459375,1.35921,2.25841,2.1875,0.9911565427390651,0.9853060563867143,0.985767416708444
SHORT_SERVER-74,210000000,26669204,31190,139907,140685,0.148524,0.666224,0.6699285714285714,0.9988304862792305,0.9947539866581695,0.9947248144339066
SHORT_SERVER-75,209999900,38459315,189639,872709,880865,0.903043,4.15576,4.194597235522493,0.9950691009447256,0.9773082541901748,0.9770961859305086
SHORT_SERVER-76,209999900,27490807,74262,272319,273868,0.353629,1.29676,1.304133954349502,0.9972986606031609,0.9900941794833451,0.9900378333746259
SHORT_SERVER-77,209999900,42251206,106466,307505,302283,0.506981,1.46431,1.4394435425921632,0.997480166601635,0.9927219828944054,0.9928455769996246
SHORT_SERVER-78,209999900,45904587,17522,40420,39627,0.0834381,0.192476,0.18870008985718564,0.9996182952261394,0.9991194779728657,0.9991367529349517
SHORT_SERVER-79,209999900,30155076,91758,223474,216677,0.436943,1.06416,1.0317957294265379,0.9969571292076995,0.9925891747047827,0.9928145762259064
SHORT_SERVER-80,209999900,34237798,40755,205039,203755,0.194072,0.976377,0.9702623667916033,0.9988096489149214,0.9940113263125158,0.9940488287243239
SHORT_SERVER-81,209999900,34981185,368961,1049883,1002348,1.75696,4.99945,4.773087987184756,0.9894525871550663,0.9699872088381225,0.9713460821867527
SHORT_SERVER-82,69999900,12447998,207791,478291,452584,2.96845,6.83274,6.465494950707073,0.983307275595642,0.9615768736466699,0.9636420250067521
SHORT_SERVER-83,69999900,10029994,64026,160936,152731,0.914658,2.29909,2.181874545535065,0.9936165465303369,0.9839545267923391,0.9847725731441116
SHORT_SERVER-84,69999900,11503492,170724,406781,381976,2.43892,5.81117,5.456807795439707,0.9851589413023454,0.9646384767338474,0.9667947784898707
SHORT_SERVER-85,69999900,10922652,48259,110881,108079,0.689415,1.58402,1.5439879199827429,0.995581750659089,0.9898485276286382,0.9901050587348201
SHORT_SERVER-86,69999900,11211245,70880,210481,202626,1.01257,3.00688,2.8946612780875403,0.9936777761970236,0.9812259030999679,0.9819265389347926
SHORT_SERVER-87,69999900,11158879,121585,373914,364513,1.73693,5.34164,5.207336010480015,0.9891041922759446,0.9664917954572319,0.9673342635940402
SHORT_SERVER-88,69999900,8914029,110961,239423,227902,1.58516,3.42033,3.255747508210726,0.9875520934473064,0.9731408771499397,0.9744333342420134
SHORT_SERVER-89,69999900,11482784,206199,488379,456479,2.9457,6.97685,6.521137887339839,0.9820427694189842,0.9574685894988533,0.9602466614368084
SHORT_SERVER-90,69999900,13124725,63419,246187,246088,0.905987,3.51696,3.5155478793541133,0.9951679749480465,0.9812425022238561,0.9812500452390431
SHORT_SERVER-91,69999900,11767880,310945,661263,611060,4.44208,9.44663,8.729441042058632,0.9735768039782866,0.9438078056540345,0.9480739096591739
SHORT_SERVER-92,209999900,35047261,427994,1044326,1003865,2.03807,4.97298,4.780311800148477,0.9877880899166415,0.9702023504775452,0.9713568201520798
SHORT_SERVER-93,209999900,35929137,601124,1439524,1369908,2.8625,6.85488,6.523374534940254,0.9832691778820071,0.959934356341484,0.9618719481071867
SHORT_SERVER-94,209999900,32360968,557518,1209083,1176305,2.65485,5.75754,5.601455048311927,0.9827718997775344,0.9626376133124325,0.9636505001951734
SHORT_SERVER-95,209999900,33098827,324876,892671,886636,1.54703,4.25082,4.222078200989619,0.9901846672693265,0.9730301318533131,0.9732124645988209
SHORT_SERVER-96,69999900,10909686,298064,347661,324538,4.25806,4.96659,4.636263766091094,0.9726789570295608,0.9681328133550315,0.9702523060700372
SHORT_SERVER-97,69999900,8123563,410018,580688,540878,5.85741,8.29555,7.726839609770871,0.9495273194779188,0.9285180652873622,0.9334186243154635
SHORT_SERVER-98,69999900,16462828,238438,316871,296773,3.40626,4.52674,4.239620342314775,0.9855165831775683,0.9807523348965318,0.9819731458045968
SHORT_SERVER-99,69999900,11664735,795940,1038340,970029,11.3706,14.8334,13.857576939395628,0.931765273707461,0.9109846901794169,0.9168408883699458
SHORT_SERVER-100,69999900,11065814,700398,875149,817460,10.0057,12.5021,11.678016682880976,0.9367061474194307,0.9209141776646526,0.9261274407829374
SHORT_SERVER-101,209999900,27515137,2028849,2454552,2281528,9.66119,11.6883,10.86442422115439,0.9262642595601105,0.9107926665965719,0.9170809870944855
SHORT_SERVER-102,209999900,46390560,1415579,1750343,1631071,6.74086,8.33497,7.767008460480219,0.9694856237993247,0.9622694142946323,0.9648404546097309
SHORT_SERVER-103,209999900,32102571,1928608,2676301,2503351,9.18385,12.7443,11.920724724154631,0.9399235656234511,0.9166328142378378,0.9220202332081129
SHORT_SERVER-104,69999900,11918215,113434,241457,240603,1.62049,3.44939,3.4371906245580353,0.9904822995725451,0.9797405064432887,0.9798121614688106
SHORT_SERVER-105,69999900,7332291,165467,337786,330189,2.36382,4.82552,4.716992452846362,0.9774331106062212,0.9539317247501498,0.9549678265633483
SHORT_SERVER-106,69999900,10651288,206686,473611,457791,2.95266,6.76588,6.539880771258245,0.9805952106449474,0.9555348611360429,0.9570201275188503
SHORT_SERVER-107,69999900,15480666,1256631,1748543,1715290,17.9519,24.9792,24.504177863111234,0.9188257792009724,0.8870498853214713,0.8891979195210336
SHORT_SERVER-108,69999900,18249806,1049964,1341944,1232621,14.9995,19.1707,17.608896584137977,0.9424671144449426,0.9264680402630033,0.9324584053112674
SHORT_SERVER-109,69999900,16838766,473106,794692,766966,6.75867,11.3528,10.95667279524685,0.9719037606437432,0.9528058053660227,0.9544523630769618
SHORT_SERVER-110,69999900,16544795,163981,301566,304740,2.34259,4.30809,4.3534347906211295,0.9900886653476214,0.9817727569305029,0.9815809141183073
SHORT_SERVER-111,69999900,17048156,426050,722544,675757,6.08644,10.3221,9.653685219550313,0.9750090273692944,0.9576174690095516,0.9603618713953579
SHORT_SERVER-112,69999900,15629000,906473,1274527,1258523,12.9496,18.2076,17.978925684179547,0.9420005758525818,0.9184511485059825,0.919475142363555
SHORT_SERVER-113,69999900,12339818,315345,484429,480035,4.50494,6.92042,6.857652653789505,0.9744449229316023,0.9607426138699938,0.961098696917572
SHORT_SERVER-114,209999900,34055400,978324,1796661,1724446,4.65869,8.55553,8.211651529357871,0.9712725735125707,0.9472429923007805,0.9493635076962831
SHORT_SERVER-115,209999900,32712585,927971,1682702,1610937,4.41891,8.01287,7.671132224348678,0.9716325995026074,0.948561020170066,0.9507548241754664
SHORT_SERVER-116,209999900,47198723,441316,1653639,1594650,2.10151,7.87448,7.593575044559545,0.990649831776169,0.964964327530641,0.9662141282932591
SHORT_SERVER-117,209999900,33448263,853176,1587465,1536791,4.06274,7.55936,7.318055865740888,0.9744926664801696,0.9525396879353646,0.954054684394224
SHORT_SERVER-118,209999900,39781308,589293,1424137,1405868,2.80616,6.78161,6.694612711720339,0.9851866861692934,0.9642008503088938,0.9646600860886726
SHORT_SERVER-119,209999900,35625452,1100902,2053926,1966470,5.24239,9.7806,9.364147316260627,0.9690978797967251,0.9423466683313941,0.9448015424477982
SHORT_SERVER-120,209999900,38336600,543236,1130264,1119115,2.58684,5.38221,5.329121585295993,0.9858298336315688,0.97051736460719,0.9708081833026403
SHORT_SERVER-121,209999900,36255957,539326,1489046,1458713,2.56822,7.0907,6.946255688693185,0.9851244858879329,0.9589296181038608,0.9597662530325706
SHORT_SERVER-122,209999900,38020043,161700,995589,1010876,0.77,4.7409,4.813697530332157,0.9957469800862666,0.9738141011571186,0.9734120237581004
SHORT_SERVER-123,209999900,34004612,1215533,2154617,2059062,5.78826,10.2601,9.805061811934197,0.964253878268042,0.9366375067005617,0.9394475667006581
SHORT_SERVER-124,69999900,7554572,40797,43040,42791,0.582815,0.614858,0.6113008732869618,0.994599694066057,0.9943027877687842,0.9943357479417761
SHORT_SERVER-125,69999900,10509069,13336,83865,87904,0.190515,1.19807,1.255773222533175,0.9987310008146297,0.9920197497989593,0.9916354150876733
SHORT_SERVER-126,209999900,24419460,889418,1977649,1884054,4.23533,9.41738,8.971689986519042,0.963577491066551,0.9190134016067514,0.9228462054443465
SHORT_SERVER-127,209999900,22535126,1570266,2376427,2205420,7.47746,11.3163,10.502005000954762,0.9303191825952072,0.8945456528621141,0.902134117199966
SHORT_SERVER-128,69999900,9301478,654906,837744,806607,9.35581,11.9678,11.522973604248007,0.9295911897012497,0.9099343136649896,0.9132818461754143
SHORT_SERVER-129,69999900,9781254,793903,1093711,1032718,11.3415,15.6245,14.753135361621945,0.9188342312754582,0.8881829466855682,0.8944186502057916
SHORT_SERVER-130,209999900,49642620,3068360,6303967,5850916,14.6112,30.0189,27.8615180292943,0.9381910140923263,0.8730130077743681,0.8821392585645157
SHORT_SERVER-131,209999900,29706302,1386244,2088155,1994863,6.60117,9.9436,9.49935214254864,0.9533350196197427,0.9297066662824609,0.9328471446900392
SHORT_SERVER-132,209999900,29813767,561411,1239686,1175949,2.67339,5.90327,5.599759809409433,0.9811694040541741,0.9584190082387106,0.9605568461040163
SHORT_SERVER-133,209999900,39636601,5216008,6731161,6256147,24.8381,32.0532,29.79119037675732,0.8684042559552471,0.8301781477175604,0.8421623741147733
SHORT_SERVER-134,209999900,37057203,3862566,4492190,4137308,18.3932,21.3914,19.70147604832193,0.8957674706318229,0.8787768736890369,0.888353473412443
SHORT_SERVER-135,209999900,38591471,2996698,3611662,3327332,14.27,17.1984,15.844445640212209,0.9223481789538419,0.9064129480837877,0.9137806382140758
SHORT_SERVER-136,209999900,40435585,4472652,6019668,5660053,21.2984,28.6651,26.952646167926748,0.8893882207961131,0.8511294445226896,0.8600229723398338
SHORT_SERVER-137,209999900,29592288,1452035,2202157,2069460,6.91446,10.4865,9.854576121226724,0.9509319793048784,0.9255834155169076,0.93006759058306
SHORT_SERVER-138,209999900,42158329,7173478,9019951,8497187,34.1594,42.9522,40.46281450610215,0.8298443470091046,0.7860458131535526,0.7984458302415165
SHORT_SERVER-139,209999900,40105691,5711360,7246633,6829259,27.197,34.5078,32.5202964382364,0.8575922803574186,0.819311603433039,0.829718455667551
SHORT_SERVER-140,209999900,37497133,2125620,3561088,3340536,10.122,16.9576,15.907321860629457,0.943312466049071,0.9050303925902815,0.9109122289429434
SHORT_SERVER-141,209999900,26882487,1236864,1554965,1508261,5.88983,7.4046,7.182198658189837,0.9539899712403841,0.9421569514755089,0.9438942907328477
SHORT_SERVER-142,209999900,29734402,590556,1488964,1406725,2.81217,7.09031,6.698693666044603,0.9801389649605194,0.9499245352235435,0.9526903214666971
SHORT_SERVER-143,209999900,38259361,3232121,4663267,4391281,15.3911,22.206,20.910871862319933,0.9155207793460011,0.8781143521973616,0.8852233574941306
SHORT_SERVER-144,209999900,36851130,4301922,5015697,4625472,20.4854,23.8843,22.026067631460776,0.8832621414865705,0.8638929932406415,0.8744822207622941
SHORT_SERVER-145,209999900,41461608,3860712,5786349,5572891,18.3844,27.5541,26.53758882742325,0.9068846533882622,0.8604407962180338,0.8655891252456972
SHORT_SERVER-146,209999900,40126486,5693312,7243494,6824924,27.111,34.4928,32.49965357126361,0.8581158589366634,0.819483470344251,0.8299147351203392
SHORT_SERVER-147,209999900,30481398,2014520,2616480,2472398,9.59296,12.4594,11.773329415871151,0.9339098554469188,0.9141614173995563,0.9188883003332065
SHORT_SERVER-148,209999900,26467404,981414,1315959,1253591,4.6734,6.26647,5.969483794992283,0.9629198995111119,0.9502800123502857,0.9526364202548916
SHORT_SERVER-149,209999900,23659741,1802803,2363937,2223320,8.58478,11.2568,10.587243136782446,0.9238029275130273,0.900086099843612,0.9060294024351323
SHORT_SERVER-150,209999900,36522058,1388194,1636361,1544957,6.61045,7.7922,7.356941598543618,0.9619902580517231,0.9551952685689289,0.9576979752893443
SHORT_SERVER-151,209999900,23334101,1646420,2185703,2056113,7.8401,10.4081,9.791018948104261,0.9294414642329696,0.906330096025555,0.9118837704525236
SHORT_SERVER-152,209999900,27501852,2221459,2858414,2681082,10.5784,13.6115,12.767063222411059,0.919225112548784,0.8960646722991601,0.9025126744191627
SHORT_SERVER-153,209999900,32918925,2359439,3432678,3209841,11.2354,16.3461,15.28496442141163,0.9283257579036983,0.8957232655683622,0.9024925327907882
SHORT_SERVER-154,209999900,23641045,2014847,2637062,2471450,9.59451,12.5574,11.768815128007203,0.9147733528699767,0.8884540848342364,0.8954593589242776
SHORT_SERVER-155,209999900,27481811,2185892,2936654,2790343,10.409,13.9841,13.287353946359023,0.9204604092503219,0.893141903930567,0.8984658252689388
SHORT_SERVER-156,209999900,31884894,1599323,1806692,1705239,7.61583,8.6033,8.120189581042657,0.9498407302216529,0.9433370548448429,0.9465189064138021
SHORT_SERVER-157,209999900,43540556,3099,5385,5177,0.0147571,0.0256429,0.02465239269161557,0.9999288249787164,0.9998763222040619,0.999881099359411
SHORT_SERVER-158,209999900,29976553,1637670,2787499,2602550,7.79843,13.2738,12.393101139571971,0.9453683016856541,0.9070106893210838,0.9131804780889917
SHORT_SERVER-159,209999900,32122463,447677,493922,483971,2.1318,2.35201,2.3046249069642415,0.986063428573332,0.9846237818065197,0.9849335650258201
SHORT_SERVER-160,209999900,33757530,845023,947110,900422,4.02392,4.51005,4.287725851298024,0.9749678664286161,0.9719437411445684,0.9733267807212198
SHORT_SERVER-161,209999900,35141826,161504,373575,358296,0.769067,1.77893,1.7061722410344005,0.9954042228767509,0.9893695051588953,0.9898042862086904
SHORT_SERVER-162,209999900,37589481,3680035,4495180,4198167,17.524,21.4056,19.991280948229022,0.9020993399722651,0.8804138849376505,0.888315377379113
SHORT_SERVER-163,209999900,30095044,1746583,2852467,2664574,8.31707,13.5832,12.68845366116841,0.9419644310870587,0.9052180485265282,0.911461368855284
SHORT_SERVER-164,209999900,33923145,935499,1184856,1125718,4.45476,5.64217,5.360564457411646,0.9724229873144132,0.9650723422017622,0.9668156357554702
SHORT_SERVER-165,209999900,31354100,1021363,1374130,1307376,4.86364,6.54348,6.225602964572841,0.9674248981791855,0.956173833725095,0.9583028694811843
SHORT_SERVER-166,209999900,31773567,2408127,3299004,3093367,11.4673,15.7096,14.73032606206003,0.9242097369804277,0.8961714307996959,0.9026433827841867
SHORT_SERVER-167,209999900,32766639,924223,1177781,1122281,4.40106,5.60848,5.344197782951325,0.971793780863518,0.9640554833835719,0.9657492793203477
SHORT_SERVER-168,209999900,30770780,2120415,2961998,2791910,10.0972,14.1048,13.294815854674216,0.9310899821194003,0.9037399116954461,0.9092674933817082
SHORT_SERVER-169,209999900,25839066,509163,650855,628205,2.42459,3.09931,2.991453805454193,0.9802948372824312,0.9748112025411445,0.9756877822131806
SHORT_SERVER-170,209999900,28153262,1185032,1598556,1515689,5.64301,7.61218,7.217570103604811,0.9579078260984464,0.943219510407,0.9461629348670147
SHORT_SERVER-171,209999900,18563146,664293,913846,874373,3.1633,4.35165,4.163682935087112,0.9642144171036526,0.950770952294401,0.9528973698746969
SHORT_SERVER-172,209999900,28785029,1491122,1957137,1849985,7.10058,9.3197,8.809456575931703,0.9481980025102632,0.9320085103961507,0.9357310010005548
SHORT_SERVER-173,209999900,30709632,510025,741546,707586,2.42869,3.53117,3.3694587473613082,0.9833920185041618,0.9758529831943281,0.9769588251659935
SHORT_SERVER-174,209999900,29844036,647612,911556,870718,3.08387,4.34074,4.1462781648943645,0.9783001199971746,0.9694560078938385,0.9708243884975879
SHORT_SERVER-175,209999900,27538605,1536398,2005942,1895699,7.31618,9.55211,9.02714239387733,0.9442093018146707,0.9271589101917108,0.931162126767133
SHORT_SERVER-176,209999900,30591298,2015211,2581070,2418465,9.59625,12.2908,11.51650548405023,0.9341246978143916,0.9156273133621202,0.9209427138397331
SHORT_SERVER-177,209999900,18673862,606600,833984,797137,2.88857,3.97135,3.7958922837582305,0.9675160928146518,0.9553395007417319,0.9573126865776346
SHORT_SERVER-178,209999900,25482211,959102,1255187,1190429,4.56715,5.97708,5.668712223196297,0.9623619002291441,0.9507426180561804,0.9532839203003225
SHORT_SERVER-179,209999900,33988905,193082,319007,297873,0.919439,1.51908,1.4184435325921583,0.9943192638892014,0.9906143784273133,0.9912361695676869
SHORT_SERVER-180,209999900,34578618,926352,1571266,1469572,4.4112,7.48222,6.997965237126303,0.9732102653726646,0.9545596067488874,0.9575005571362049
SHORT_SERVER-181,209999900,40283949,377345,489553,463121,1.79688,2.33121,2.205339145399593,0.9906328696821655,0.9878474426625851,0.9885035848893563
SHORT_SERVER-182,209999900,32526956,1699769,2211099,2088175,8.09414,10.529,9.943695211283433,0.9477427583448018,0.9320225661448308,0.9358017085890238
SHORT_SERVER-183,209999900,32377008,1711068,2410877,2288919,8.14795,11.4804,10.899619476009274,0.9471517565798544,0.9255373751644994,0.9293041840061318
SHORT_SERVER-184,209999900,24851223,2695482,3452258,3216088,12.8356,16.4393,15.314712054624788,0.8915352375213084,0.8610829736629059,0.8705863288901314
SHORT_SERVER-185,209999900,29278291,2754335,3542167,3311948,13.1159,16.8675,15.771188462470697,0.9059256908130328,0.8790172896362017,0.8868804193523454
SHORT_SERVER-186,209999900,41227660,450293,473599,460339,2.14425,2.25523,2.192091520043581,0.9890778909111019,0.9885125908188823,0.9888342195506609
SHORT_SERVER-187,209999900,25185004,2834759,3666303,3426619,13.4989,17.4586,16.317241103448143,0.8874425828957582,0.8544251571292186,0.8639420903010379
SHORT_SERVER-188,209999900,45369033,43942,1127309,1232614,0.209248,5.36814,5.8695932712348915,0.9990314538994032,0.9751524569633212,0.9728313803822973
SHORT_SERVER-189,209999900,28409779,253521,678099,652560,1.20724,3.22904,3.1074300511571673,0.9910762769397115,0.9761314933143267,0.9770304443410137
SHORT_SERVER-190,209999900,47957815,23842,314328,317119,0.113533,1.4968,1.5100911952815215,0.999502854748491,0.9934457397610796,0.9933875427810879
SHORT_SERVER-191,209999900,35299009,176526,600585,592650,0.8406,2.85993,2.822144201021048,0.9949991230631999,0.9829857829719809,0.9832105768181764
SHORT_SERVER-192,209999900,41847414,247785,835959,826959,1.17993,3.98076,3.9379018751913692,0.9940788455888816,0.9800236401704535,0.9802387072233424
SHORT_SERVER-193,209999900,34622057,249594,989226,963383,1.18854,4.7106,4.587540279781086,0.99279089627748,0.9714278675007669,0.9721742991758116
SHORT_SERVER-194,209999900,36779135,143072,646819,647326,0.681296,3.08009,3.082506229764871,0.9961099683285102,0.9824134254380915,0.982399640448314
SHORT_SERVER-195,209999900,34318358,55437,292881,312468,0.263986,1.39467,1.4879435656874123,0.998384625511512,0.991465763018149,0.9908950189283532
SHORT_SERVER-196,209999900,36929802,224543,822967,815560,1.06925,3.91889,3.883620896962332,0.9939197345276858,0.9777153692835938,0.9779159390023267
SHORT_SERVER-197,209999900,37818507,648356,1461139,1379707,3.08741,6.95781,6.5700364619221245,0.9828561185664997,0.9613644451908162,0.9635176766761311
SHORT_SERVER-198,209999900,39345007,338611,719614,702273,1.61243,3.42673,3.3441587353136835,0.9913937999807702,0.9817101570219571,0.9821508990962945
SHORT_SERVER-199,209999900,36695929,243198,905798,889878,1.15809,4.31333,4.237516303579192,0.9933726163466252,0.975316117490853,0.9757499530806265
SHORT_SERVER-200,209999900,41397241,353563,996875,978608,1.68363,4.74703,4.660040314304911,0.9914592617416219,0.9759192889207279,0.9763605502115467
SHORT_SERVER-201,209999900,36715490,478327,1140938,1084933,2.27775,5.43304,5.1663500792143235,0.9869720654688253,0.9689248870163519,0.9704502649971443
SHORT_SERVER-202,209999900,47412871,192589,522605,510525,0.917091,2.4886,2.431072586225041,0.9959380439121689,0.988977571090348,0.9892323542271887
SHORT_SERVER-203,209999900,42574907,404225,1057191,1034110,1.92488,5.03425,4.924335678255085,0.9905055576515998,0.9751686832809758,0.9757108101257861
SHORT_SERVER-204,209999900,32237434,40529,68369,65245,0.192995,0.325567,0.31069062413839243,0.9987427969608251,0.9978792046538195,0.9979761106296487
SHORT_SERVER-205,209999900,39249856,37705,321866,341164,0.179548,1.5327,1.624591249805357,0.9990393595329369,0.9917995622710055,0.9913078916773606
SHORT_SERVER-206,209999900,46998307,25127,205959,206515,0.119652,0.980758,0.9834052301929668,0.9994653637204421,0.9956177357622691,0.9956059055488956
SHORT_SERVER-207,209999900,36180978,266581,1160754,1134086,1.26943,5.5274,5.400412095434331,0.9926320123242661,0.9679181143196295,0.9686551867116472
SHORT_SERVER-208,209999900,32280724,175145,287273,278001,0.834024,1.36797,1.323814916102341,0.9945743162390038,0.9911007881979351,0.9913880184347786
SHORT_SERVER-209,209999900,31182786,70136,101217,94726,0.333981,0.481986,0.4510764052744787,0.9977508103349072,0.9967540745076466,0.9969622342275639
SHORT_SERVER-210,209999900,40065967,634658,1399173,1322187,3.02218,6.66273,6.2961315695864615,0.9841596734705043,0.9650782670489395,0.9669997481902783
SHORT_SERVER-211,209999900,11866966,25340,73920,73893,0.120667,0.352,0.3518715961293315,0.9978646606049094,0.9937709436430509,0.9937732188665578
SHORT_SERVER-212,209999900,63341565,158294,396927,395927,0.753781,1.89013,1.885367564460745,0.9975009458639047,0.9937335460530538,0.9937493334747887
SHORT_SERVER-213,209999900,37447353,40181,254147,267836,0.191338,1.21022,1.2754101311476815,0.9989270002608729,0.9932132185684793,0.9928476653610203
SHORT_SERVER-214,209999900,48400443,15762,21817,21227,0.0750572,0.103891,0.10108100051476215,0.9996743418236895,0.9995492396629511,0.9995614296340222
SHORT_SERVER-215,209999900,37553727,706467,1534603,1446152,3.36413,7.30764,6.8864413744958926,0.9811878325685224,0.9591358002895425,0.9614911191104947
SHORT_SERVER-216,209999900,37821159,478886,1274971,1217004,2.28041,6.07129,5.795259902504715,0.9873381458246692,0.9662894783314282,0.9678221389249335
SHORT_SERVER-217,209999900,48673202,214018,769519,775214,1.01913,3.66438,3.6914969959509505,0.9956029603312312,0.9841900888295781,0.9840730839939398
SHORT_SERVER-218,209999900,47254219,33433,160733,161368,0.159205,0.765396,0.7684194135330541,0.999292486455019,0.9965985471053918,0.9965851091518411
SHORT_SERVER-219,209999900,17573176,19598,37328,36803,0.0933239,0.177752,0.17525246440593542,0.9988847775723637,0.9978758535167462,0.9979057285945352
SHORT_SERVER-220,209999900,31689493,33584,407081,422240,0.159924,1.93848,2.01066762412744,0.9989402165569515,0.9871540702781203,0.9866757098322778
SHORT_SERVER-221,209999900,31729172,32412,405367,421053,0.154343,1.93032,2.005015240483448,0.9989784794888439,0.9872241544784087,0.9867297829265762
SHORT_SERVER-222,209999900,54304363,33392,84126,79597,0.15901,0.4006,0.3790335138254828,0.9993850954480398,0.99845084270669,0.9985342430036422
SHORT_SERVER-223,209999900,38504724,823955,1711066,1618218,3.9236,8.14794,7.705803669430319,0.9786011970894792,0.955562179850971,0.9579735203399977
SHORT_SERVER-224,209999900,45318631,25617,1362688,1456830,0.121986,6.48899,6.937289017756675,0.9994347357933209,0.9699309540043255,0.9678536185261201
SHORT_SERVER-225,209999900,58235405,719606,1488901,1453784,3.4267,7.09001,6.922784248944881,0.9876431528208656,0.9744330618117965,0.975036079855545
SHORT_SERVER-226,209999900,38195708,313809,979246,953363,1.49433,4.66308,4.5398259713457,0.9917841816153794,0.9743624074202264,0.9750400490023643
SHORT_SERVER-227,209999900,38875689,34275,359026,390024,0.163214,1.70965,1.8572580272657273,0.9991183436002896,0.9907647681819864,0.9899674061082235
SHORT_SERVER-228,209999900,38756240,460032,1110897,1083829,2.19063,5.28999,5.161092933853778,0.9881301178855327,0.9713363061019336,0.9720347226665951
SHORT_SERVER-229,209999900,37065801,109311,477072,479954,0.520529,2.27177,2.285496326426822,0.9970508933558457,0.98712905192579,0.9870512983113463
SHORT_SERVER-230,209999900,41884351,166811,1043616,1074243,0.794338,4.9696,5.115445293069187,0.996017343088353,0.9750833909304217,0.9743521631742604
SHORT_SERVER-231,209999900,44422837,179462,656794,665487,0.854581,3.12759,3.168987223327249,0.9959601409518262,0.9852149469877397,0.9850192593507704
SHORT_SERVER-232,209999900,38230439,663154,1343414,1284584,3.15788,6.39721,6.117069579556943,0.9826537696833667,0.964860094857922,0.9663989210272997
SHORT_SERVER-233,209999900,53318617,34140,114152,111531,0.162572,0.543581,0.5311002529048824,0.9993596983207572,0.997859059247542,0.9979082165615811
SHORT_SERVER-234,209999900,37311360,607654,1331714,1260585,2.89359,6.3415,6.002788572756463,0.9837139680783547,0.9643080820425737,0.9662144451448567
SHORT_SERVER-235,209999900,38849334,264943,868671,846176,1.26163,4.13653,4.029411442576877,0.9931802434502481,0.9776400027861482,0.9782190345914296
SHORT_SERVER-236,209999900,34500819,32845,334076,345397,0.156405,1.59084,1.6447484022611438,0.9990479936142965,0.9903168675503037,0.9899887304124577
SHORT_SERVER-237,209999900,37170135,299836,851120,836866,1.42779,4.05295,3.985078088132423,0.9919334164376858,0.9771020471138994,0.9774855270232405
SHORT_SERVER-238,209999900,39444639,615503,1534766,1460563,2.93097,7.30841,6.955065216697722,0.984395775557738,0.9610906313529705,0.9629718248910835
SHORT_SERVER-239,209999900,40008915,976133,2050879,1929515,4.64825,9.7661,9.18817104198621,0.9756021126791367,0.9487394496951492,0.9517728736207918
SHORT_SERVER-240,209999900,39301344,845485,1913353,1811991,4.02612,9.11121,8.628532680253658,0.9784871224760151,0.9513158379520049,0.9538949355014424
SHORT_SERVER-241,209999900,31623183,1831985,3176938,3013544,8.72374,15.1283,14.350216357245884,0.9420682921134157,0.8995376904342615,0.9047045959921238
SHORT_SERVER-242,209999900,28171984,613873,1803618,1730485,2.92321,8.58866,8.240408685908898,0.9782098058837461,0.9359783109347215,0.9385742587387527
SHORT_SERVER-243,209999900,32724570,1595806,2956825,2819460,7.59908,14.0801,13.426006393336378,0.9512352339541819,0.9096451076362501,0.9138427181778095
SHORT_SERVER-244,209999900,36048058,1268960,2599095,2496265,6.04267,12.3766,11.886981850943739,0.964798103687028,0.9278991672727557,0.930751748124684
SHORT_SERVER-245,209999900,38670625,1429415,2487434,2396465,6.80674,11.8449,11.411743529401681,0.9630361547039904,0.9356763951966124,0.9380288009309392
SHORT_SERVER-246,209999900,35594262,1308252,2517291,2382351,6.22977,11.9871,11.344533973587607,0.963245424220342,0.9292781797245859,0.9330692402050645
SHORT_SERVER-247,209999900,27766963,690366,2126842,2024842,3.28746,10.1278,9.642109353385406,0.9751371440945846,0.92340386667422,0.9270772968581403
SHORT_SERVER-248,209999900,32191105,1874179,3070891,2928434,8.92467,14.6233,13.944930449966881,0.9417796002964173,0.904604361981361,0.9090297148855251
SHORT_SERVER-249,209999900,33376917,1935865,2999582,2852161,9.21841,14.2837,13.581725515107388,0.94199988572941,0.9101300458637327,0.9145469007817588
SHORT_SERVER-250,209999900,33038061,1330409,2644495,2515362,6.33528,12.5928,11.97791998948571,0.9597310205341651,0.9199561075936025,0.9238647207534365
SHORT_SERVER-251,209999900,37237445,1209706,2381421,2289109,5.76051,11.3401,10.900524238344875,0.9675137217389647,0.936047679963005,0.9385266900024961
SHORT_SERVER-252,209999900,33217932,1357419,2702601,2587448,6.4639,12.8695,12.321186819612771,0.959135957048741,0.9186402994623506,0.9221068909407124
SHORT_SERVER-253,209999900,29413309,1127466,2568678,2441090,5.36889,12.2318,11.624243630592206,0.9616681686511368,0.9126695333734807,0.9170072976148315
SHORT_SERVER-254,209999900,11946072,192818,357775,349450,0.918181,1.70369,1.6640484114516245,0.9838592970141148,0.9700508250745516,0.9707477068613014
SHORT_SERVER-255,209999900,11391110,169345,316990,310400,0.806405,1.50948,1.4780959419504485,0.9851335822408879,0.972172158815076,0.9727506801356497
SHORT_SERVER-256,209999900,13005052,170050,341715,337768,0.809762,1.62722,1.6084198135332446,0.986924312182681,0.9737244418553651,0.9740279392962058
SHORT_SERVER-257,209999900,11281798,124207,226999,220029,0.591462,1.08095,1.0477576417893533,0.9889904960184538,0.9798791823785535,0.9804969917029183
SHORT_SERVER-258,209999900,8398099,18195,33436,31497,0.0866429,0.159219,0.149985785707517,0.9978334382578724,0.9960186227859424,0.9962495083708826
SHORT_SERVER-259,209999900,9230614,76458,114526,107578,0.364086,0.545362,0.5122764344173497,0.9917169107060484,0.9875928080190548,0.9883455206771727
SHORT_SERVER-260,209999900,46897354,24604,61572,73932,0.117162,0.2932,0.3520573105034812,0.9994753648574715,0.9986870901074717,0.998423535792659
SHORT_SERVER-261,209999900,50403456,15125,39391,46128,0.0720238,0.187576,0.21965724745583212,0.9996999213704711,0.9992184861292052,0.9990848246596424
SHORT_SERVER-262,209999900,35822558,5560,101580,101698,0.0264762,0.483715,0.48427642108401003,0.9998447905367339,0.997164356604573,0.9971610625907843
SHORT_SERVER-263,209999900,46685307,5748,64845,65245,0.0273714,0.308786,0.31069062413839243,0.9998768777508521,0.9986110190942945,0.9986024510880908
SHORT_SERVER-264,209999900,35935781,3237,8380,12096,0.0154143,0.0399048,0.05760002742858449,0.9999099226478478,0.9997668062369369,0.99966339955155
SHORT_SERVER-265,209999900,48822179,2195625,2758193,2572169,10.4554,13.1343,12.248429642109354,0.9550281235911244,0.9435053277732647,0.9473155632811883
SHORT_SERVER-266,209999900,46916699,2777861,3455666,3234547,13.2279,16.4556,15.40261209648195,0.9407916358309864,0.9263446475635466,0.9310576603012928
SHORT_SERVER-267,209999900,24704450,1765546,2019126,2001485,8.40737,9.61489,9.530885490897854,0.928533280441378,0.9182687329610657,0.9189828148370031
SHORT_SERVER-268,209999900,54807263,3569454,4262493,4051936,16.9974,20.2976,19.2949425214012,0.9348726098582956,0.9222275887048036,0.9260693605517211
SHORT_SERVER-269,209999900,39132559,732949,968083,939734,3.49023,4.60992,4.474925940440924,0.9812700978742535,0.9752614440573641,0.9759858791754457
SHORT_SERVER-270,209999900,35942085,216494,540109,547387,1.03092,2.57195,2.606606003145716,0.9939765876131004,0.9849727972097334,0.9847703047833758
SHORT_SERVER-271,209999900,35506590,281246,594974,581748,1.33927,2.83321,2.770229890585662,0.9920790478612562,0.9832432796278099,0.9836157738605706
SHORT_SERVER-272,209999900,36613074,93409,150783,145080,0.444805,0.718015,0.6908574718368914,0.9974487528689888,0.995881717006335,0.9960374810375113
SHORT_SERVER-273,209999900,43001251,72036,165183,174880,0.343029,0.786586,0.8327623013153815,0.998324792922885,0.9961586466403035,0.9959331415730207
SHORT_SERVER-274,209999900,34326402,98922,164961,163160,0.471057,0.785529,0.7769527509298814,0.9971181949101453,0.9951943404962745,0.9952468073991559
SHORT_SERVER-275,209999900,43203049,63896,153912,166127,0.304267,0.732915,0.7910813290863472,0.9985210303096895,0.9964374736607131,0.9961547389861304
SHORT_SERVER-276,209999900,36505399,93947,310312,291930,0.447367,1.47768,1.3901435191159615,0.9974264902569617,0.9914995587365036,0.9920031006920373
SHORT_SERVER-277,209999900,4328674,63143,75644,68056,0.300681,0.36021,0.3240763447982594,0.9854128539132307,0.9825249025452136,0.9842778643067138
SHORT_SERVER-278,209999900,35997908,161924,326637,313107,0.771067,1.55542,1.4909864242792497,0.9955018497186003,0.9909262227127199,0.991302077887415
SHORT_SERVER-279,209999900,43495496,54507,137519,151002,0.259557,0.654853,0.7190574852654692,0.9987468357643283,0.9968383163167055,0.9965283301976829
SHORT_SERVER-280,209999900,31164099,791631,1607288,1535393,3.76967,7.65376,7.311398719713676,0.974597982120388,0.9484250130254046,0.9507319945299879
SHORT_SERVER-281,209999900,46698325,113641,212282,214707,0.541148,1.01087,1.0224147725784631,0.9975664865923992,0.9954541838492066,0.9954022547917939
SHORT_SERVER-282,209999900,49208112,85271,183628,187417,0.406053,0.874419,0.8924623297439666,0.9982671353048457,0.9962683388462455,0.9961913393466508
SHORT_SERVER-283,209999900,41231033,172640,262993,254162,0.822096,1.25235,1.2102958144265783,0.9958128626076382,0.9936214792387084,0.993835662569987
SHORT_SERVER-284,209999900,47651181,108000,212370,215365,0.514286,1.01129,1.0255481074038606,0.9977335294166161,0.9955432374278405,0.995480384840829
SHORT_SERVER-285,209999900,48449198,89476,191286,194563,0.426076,0.910886,0.9264909173766274,0.9981531995637988,0.9960518231901383,0.9959841853316127
SHORT_SERVER-286,209999900,45828102,159286,301021,322503,0.758505,1.43343,1.5357293027282395,0.9965242723776778,0.9934315193764734,0.9929627676921903
SHORT_SERVER-287,209999900,45082030,164714,414266,446102,0.784353,1.9727,2.124296249664881,0.9963463490885393,0.9908108397070851,0.990104660326964
SHORT_SERVER-288,1688449895,232412746,1249656,2128740,2116425,0.74012,1.26077,1.2534721973493919,0.9946231176150726,0.9908406916718758,0.9908936792993273
SHORT_SERVER-289,581242790,107966011,627658,891739,863282,1.07986,1.53419,1.4852347673852435,0.9941865222750519,0.9917405580539601,0.9920041317447581
SHORT_SERVER-290,455262770,57515849,378712,559693,546315,0.831854,1.22938,1.199999288323093,0.9934155192597435,0.9902688909277858,0.9905014876855943
SHORT_SERVER-291,478059146,95573070,393929,938487,1037042,0.824017,1.96312,2.1692755147079645,0.9958782426890755,0.9901804242554937,0.9891492237300737
SHORT_SERVER-292,1266535337,173458723,331573,500498,488361,0.261795,0.395171,0.3855881361800488,0.9980884616566674,0.9971145988432072,0.9971845693802324
SHORT_SERVER-293,2135595752,284134248,4052247,4802944,4640733,1.89748,2.24899,2.173039066805561,0.9857382662297014,0.9830962158423084,0.9836671114704906
mean:
TAGE mpki = 4.183369238225254
HYB mpki = 6.5236358061433455
MLP mpki = 6.208242303002374
TAGE acc = 0.9720715050467335
HYB acc = 0.9568701707148614
MLP acc = 0.9589832229342814
