traces,total_instruction_cnt,total_branch_cnt,TAGE_mispred,HYB_mispred,ML_mispred,TAGE_mpki,HYB_mpki,ML_mpki,TAGE_acc,HYB_acc,ML_acc
SHORT_MOBILE-1,148974179,11917426,47825,186014,178837,0.321029,1.24863,1.2004563555943477,0.9959869689981713,0.9843914281489979,0.9849936555091678
SHORT_MOBILE-2,344783366,51156196,20714,1402896,1365040,0.0600783,4.06892,3.9591237124821155,0.9995950832622503,0.9725762251751479,0.9733162332867753
SHORT_MOBILE-3,101127141,15893396,20250,295393,295769,0.200243,2.92101,2.924724234021409,0.9987258858962553,0.9814141043235819,0.9813904466987421
SHORT_MOBILE-4,692734931,108535734,2574504,5034770,4832941,3.71643,7.26796,6.9766093547836405,0.9762796647231409,0.9536118675900787,0.9554714302664595
SHORT_MOBILE-5,372505316,16979121,1492353,1091041,1056535,4.00626,2.92893,2.836295093302776,0.9121065807823621,0.9357421977262546,0.9377744584068869
SHORT_MOBILE-6,169326426,19555594,1938980,2571713,2451070,11.4511,15.1879,14.475413306130964,0.9008478085605581,0.8684922073960013,0.8746614395860335
SHORT_MOBILE-7,128977169,16105153,863024,1099503,1064527,6.69129,8.52479,8.253608047483194,0.9464131759567885,0.9317297389226914,0.9339014661953227
SHORT_MOBILE-8,225731243,20434568,2086938,2533684,2459858,9.24523,11.2243,10.897286380512245,0.897872174249047,0.8760099063508463,0.879622705995057
SHORT_MOBILE-9,128071235,9561235,208241,330928,317689,1.62598,2.58394,2.48056482003941,0.9782202822124966,0.9653885716646438,0.9667732254253766
SHORT_MOBILE-10,140479767,24260148,1178382,1522688,1416391,8.38827,10.8392,10.082526688701014,0.9514272542772616,0.9372350077996227,0.941616555678061
SHORT_MOBILE-11,96754975,9191871,521289,661525,631387,5.38772,6.83712,6.525628268727267,0.9432880422277466,0.9280315182839272,0.9313102849245818
SHORT_MOBILE-12,109068187,19320304,993688,1335969,1269440,9.1107,12.2489,11.638957563308539,0.9485676829929798,0.9308515538885931,0.9342950297262403
SHORT_MOBILE-13,154558316,11432253,251178,253747,254046,1.62513,1.64176,1.6436902689855912,0.9780290026821484,0.9778042875713125,0.9777781334965208
SHORT_MOBILE-14,132334393,12651145,135057,1037355,995371,1.02057,7.83889,7.521634984187369,0.9893245235905525,0.9180030740300582,0.9213216669321236
SHORT_MOBILE-15,100131527,10767735,4459,79837,78973,0.0445314,0.797321,0.7886926562100666,0.9995858924834239,0.9925855344694126,0.9926657741855646
SHORT_MOBILE-16,1356573277,92779630,5335837,5636874,5482710,3.93332,4.15523,4.041587795481836,0.9424891325822273,0.9392444871789206,0.9409061019105164
SHORT_MOBILE-17,642168792,29215542,9399,127605,132793,0.0146363,0.198709,0.20678831119529084,0.9996782876730474,0.9956322905116736,0.9954547137958283
SHORT_MOBILE-18,1271560006,111588449,41252,1290298,1270866,0.032442,1.01474,0.9994542090056897,0.9996303201597506,0.9884369931515045,0.9886111330394063
SHORT_MOBILE-19,100354118,2452597,850,1302,1258,0.00847001,0.0129741,0.012535609151584592,0.9996534285901842,0.9994691341463763,0.9994870743134726
SHORT_MOBILE-20,113837138,3676652,812,1258,1213,0.007133,0.0110509,0.01065557357916008,0.9997791468977755,0.9996578408834994,0.9996700802795587
SHORT_MOBILE-21,104905199,4200622,845,1311,1272,0.00805489,0.012497,0.012125233183152343,0.9997988393147491,0.9996879033628829,0.9996971877022022
SHORT_MOBILE-22,1283893069,137019006,8112793,9736184,9157519,6.3189,7.58333,7.132618144852684,0.9407907469420702,0.9289428212608695,0.9331660674870171
SHORT_MOBILE-23,710761113,34025127,995522,877276,867656,1.40064,1.23428,1.2207420807502731,0.9707415640212012,0.9742168192347966,0.9744995514638344
SHORT_MOBILE-24,1000000000,36462693,3691,235274,234753,0.003691,0.235274,0.234753,0.9998987732474943,0.9935475418669707,0.9935618304440651
SHORT_MOBILE-25,1000000000,200483818,692,3085002,3084950,0.000692,3.085,3.08495,0.9999965483498524,0.9846122144381747,0.9846124738107292
SHORT_MOBILE-26,536505108,47021806,427429,4075565,3878104,0.796691,7.59651,7.228456807162402,0.9909099833383685,0.9133260640818432,0.9175254136346869
SHORT_MOBILE-27,1000000000,1548329,1209,4374,4290,0.001209,0.004374,0.00429,0.999219158202165,0.9971750190043589,0.9972292710399405
SHORT_MOBILE-28,999591576,129894684,260298,1116459,1105534,0.260404,1.11692,1.1059857111080735,0.9979960842739338,0.9914048907498015,0.9914889973480362
SHORT_MOBILE-29,1000000000,1686636,1216,4405,4322,0.001216,0.004405,0.004322,0.9992790382750042,0.9973882924353565,0.9974375028162568
SHORT_MOBILE-30,78221020,2102442,4021,42947,43559,0.0514056,0.549047,0.5568707746332124,0.9980874621035919,0.9795728015326939,0.9792817114574386
SHORT_MOBILE-31,1015451933,29574419,9945,193947,206775,0.00979367,0.190996,0.20362854536020664,0.9996637296577153,0.9934420689718367,0.9930083157339457
SHORT_MOBILE-32,383113832,51400260,459526,1129597,1091358,1.19945,2.94846,2.8486520424039403,0.9910598506700161,0.9780235158343557,0.9787674614875489
SHORT_MOBILE-33,2163787881,305812395,1389109,5777293,5617785,0.64198,2.66999,2.59627343758101,0.9954576432390846,0.9811083752834806,0.981629963036652
SHORT_MOBILE-34,497129864,65109879,32292,151095,149528,0.0649569,0.303935,0.30078257378639395,0.9995040383963852,0.9976793844141532,0.9977034514224792
SHORT_MOBILE-35,3629750101,554204248,429405,4596887,4566549,0.118302,1.26645,1.2580890895882642,0.9992251863793004,0.991705428068101,0.9917601696189091
SHORT_MOBILE-36,1027774508,158023130,577988,1916395,1862878,0.562368,1.86461,1.8125357123568586,0.996342383548535,0.9878726930671479,0.9882113586789478
SHORT_MOBILE-37,100106755,770140,48,50,51,0.000479488,0.000499467,0.0005094561301083029,0.9999376736697224,0.9999350767392942,0.99993377827408
SHORT_MOBILE-38,98796065,1474739,91,92,95,0.000921089,0.000931211,0.0009615767591553368,0.9999382941659507,0.9999376160798623,0.9999355818215969
SHORT_MOBILE-39,99206158,2834777,174,175,178,0.00175392,0.001764,0.0017942434581530715,0.9999386195104588,0.9999382667490248,0.9999372084647222
SHORT_MOBILE-40,2883605006,131075501,505,513,509,0.000175128,0.000177902,0.00017651516034301127,0.9999961472586704,0.9999960862251444,0.9999961167419074
SHORT_MOBILE-41,1179666506,131074501,503,510,509,0.000426392,0.000432326,0.00043147787735867105,0.9999961624877748,0.999996109083032,0.9999961167122811
SHORT_MOBILE-42,220814,3701,13,13,19,0.0588731,0.0588731,0.08604526886882172,0.9964874358281546,0.9964874358281546,0.9948662523642259
SHORT_MOBILE-43,14055614,230501,19,107,112,0.00135177,0.00761262,0.007968346313437463,0.9999175708565256,0.9995357937709598,0.9995141018910981
SHORT_MOBILE-44,100018978,6327009,397908,455559,440642,3.97832,4.55473,4.405583908285886,0.9371096200432147,0.9279977316295899,0.9303554017387995
SHORT_MOBILE-45,658661227,111675892,60997,1098580,1156609,0.0926075,1.6679,1.75599982599249,0.9994538033329521,0.9901627828502144,0.9896431630919948
SHORT_MOBILE-46,350858,55581,1076,2498,2408,3.06677,7.11969,6.863175415695238,0.9806408664831507,0.9550565840844893,0.9566758424641514
SHORT_MOBILE-47,1899254569,9027233,169,26190,26294,8.89823e-05,0.0137896,0.013844378962765575,0.9999812788702807,0.9970987787730747,0.9970872580778628
SHORT_MOBILE-48,106993428,4623865,3651,17619,17281,0.0341236,0.164674,0.1615145932140804,0.9992104008226884,0.9961895513817985,0.9962626504017743
SHORT_MOBILE-49,188140760,23990999,78653,291879,284064,0.418054,1.55139,1.5098482646716214,0.9967215621158585,0.9878338121726402,0.9881595593414013
SHORT_MOBILE-50,99832412,6689046,4601,39794,40069,0.0460872,0.398608,0.4013626356137724,0.9993121590134079,0.9940508706323742,0.9940097586412173
SHORT_MOBILE-51,99702195,3045882,3816,23818,25291,0.038274,0.238891,0.2536654283288347,0.9987471609208761,0.9921802617435607,0.9916966579795278
SHORT_MOBILE-52,97600104,12114371,27531,496275,483702,0.28208,5.08478,4.955957833815423,0.9977274098671735,0.9590341917050419,0.9600720499644596
SHORT_MOBILE-53,216999993,2299996,4,15,16,1.84332e-05,6.91244e-05,7.37327212724841e-05,0.9999982608665406,0.9999934782495274,0.9999930434661626
SHORT_MOBILE-54,2115006,21500,5,513,513,0.00236406,0.242553,0.24255250339715348,0.9997674418604651,0.976139534883721,0.976139534883721
SHORT_MOBILE-55,4226507,42000,5,513,513,0.00118301,0.121377,0.12137682488163394,0.9998809523809524,0.9877857142857143,0.9877857142857143
SHORT_MOBILE-56,16895507,165000,5,513,513,0.000295937,0.0303631,0.030363101858973514,0.999969696969697,0.996890909090909,0.996890909090909
SHORT_MOBILE-57,20000000,194461,149,161,161,0.00745,0.00805,0.00805,0.9992337795239148,0.9991720704922838,0.9991720704922838
SHORT_MOBILE-58,1540382230,296731952,69093,193325,193021,0.0448545,0.125505,0.12530721027598454,0.9997671534880747,0.9993484860706878,0.9993495105643359
SHORT_MOBILE-59,1782506882,81751219,3516933,4837481,4629545,1.97303,2.71386,2.597210168863741,0.9569800543279973,0.9408268028394782,0.9433703245452524
SHORT_MOBILE-60,3195627559,103095359,3307640,5531473,5218772,1.03505,1.73095,1.6330976947867786,0.9679166935147876,0.9463460522990177,0.9493791762246058
SHORT_MOBILE-61,553679960,10147965,549621,759538,727687,0.992669,1.3718,1.3142736825800956,0.9458392889608902,0.9251536638133853,0.9282923226479398
SHORT_MOBILE-62,782986807,23285236,1422390,1889378,1782015,1.81662,2.41304,2.2759195736997904,0.938914512182741,0.9188594008667123,0.9234701765530742
SHORT_MOBILE-63,1020500024,135925744,5480,8720,8527,0.00536992,0.00854483,0.008355707789772673,0.9999596838697459,0.9999358473255809,0.9999372672184895
SHORT_MOBILE-64,103523675,16865857,11846,48324,48159,0.114428,0.466792,0.46519793660725434,0.9992976342678584,0.9971348031706898,0.9971445862490118
SHORT_MOBILE-65,295563164,42222703,2287,44000,43785,0.00773777,0.148868,0.14814092327148048,0.9999458348272966,0.9989579066029951,0.9989629986502759
SHORT_MOBILE-66,999999443,48754733,830,34836,34994,0.00083,0.034836,0.03499401949166886,0.9999829760117853,0.9992854847548852,0.9992822440438757
SHORT_MOBILE-67,910220449,89831572,889,1096502,1096386,0.000976686,1.20466,1.2045279813308172,0.9999901037020703,0.9877938014933102,0.9877950927987768
SHORT_MOBILE-68,999996940,165951792,424,826493,826399,0.000424001,0.826496,0.8264015287886781,0.9999974450411478,0.9950196801731432,0.9950202466027002
SHORT_MOBILE-69,999996581,142575391,582,925716,925617,0.000582002,0.925719,0.9256201646953431,0.9999959179491221,0.9935071824561926,0.9935078768256719
SHORT_MOBILE-70,967488543,17798360,1419,2033,1991,0.00146668,0.00210132,0.002057905506380761,0.9999202735532937,0.9998857759928443,0.9998881357608229
SHORT_MOBILE-71,100189686,34959362,37616,1404960,1378180,0.375448,14.023,13.755707348958055,0.9989240078237126,0.9598116235645262,0.9605776558508133
SHORT_MOBILE-72,100067714,13270878,4985,375242,351093,0.0498163,3.74988,3.5085542175970965,0.9996243654715234,0.9717244028616645,0.9735441016035261
SHORT_MOBILE-73,110000000,7039641,412073,548534,516018,3.74612,4.98667,4.6910727272727275,0.9414639184015208,0.9220792651216163,0.9266982506636346
SHORT_MOBILE-74,110000000,1266192,116,4236,4232,0.00105455,0.0385091,0.03847272727272727,0.999908386721761,0.9966545358049964,0.9966576948835564
SHORT_MOBILE-75,110000000,2121555,57,105,93,0.000518182,0.000954545,0.0008454545454545455,0.9999731329143011,0.9999505080000283,0.9999561642285965
SHORT_MOBILE-76,110000000,18789968,753731,881342,853064,6.8521,8.0122,7.755127272727273,0.9598865202963625,0.9530950771177471,0.954600029121923
SHORT_MOBILE-77,100000021,5000004,4,4,5,4e-05,4e-05,4.9999989500002206e-05,0.99999920000064,0.99999920000064,0.9999990000008
SHORT_MOBILE-78,144999972,4999998,1,0,1,6.89655e-06,0.0,6.896553055886107e-06,0.99999979999992,1.0,0.99999979999992
SHORT_MOBILE-79,99999170,15740241,5928,295422,286263,0.0592805,2.95424,2.862653760026208,0.9996233856902191,0.9812314182482975,0.9818133026044519
SHORT_MOBILE-80,101032026,7720745,4001,26332,26599,0.0396013,0.26063,0.2632729546569718,0.999481785760312,0.9965894482980593,0.9965548661430988
SHORT_MOBILE-81,236538163,11342643,2309,120279,120285,0.00976164,0.508497,0.5085225930329053,0.9997964319250813,0.9893958577379187,0.9893953287606777
SHORT_MOBILE-82,25173438,525466,211,288,292,0.00838185,0.0114406,0.011599528042216561,0.9995984516600503,0.9994519150620592,0.9994443027712545
SHORT_MOBILE-83,110000000,10178935,1150974,1396895,1354769,10.4634,12.699,12.316081818181818,0.8869258915593822,0.8627660948812425,0.8669046417920931
SHORT_MOBILE-84,105099488,13196368,26631,125996,120363,0.253388,1.19883,1.1452291756169164,0.9979819447290346,0.9904522213991002,0.990879081274484
SHORT_MOBILE-85,110000000,18916871,2649,10596,12234,0.0240818,0.0963273,0.11121818181818181,0.9998599662703203,0.9994398650812811,0.999353275708229
SHORT_MOBILE-86,19347949,5289269,26590,31862,31814,1.37431,1.64679,1.6443086551447907,0.9949728402922975,0.9939761052047079,0.9939851801827436
SHORT_MOBILE-87,110000000,15843618,1896,5773,6216,0.0172364,0.0524818,0.05650909090909091,0.9998803303639359,0.9996356261555914,0.9996076653703718
SHORT_MOBILE-88,110000000,7381375,322,629,585,0.00292727,0.00571818,0.005318181818181818,0.9999563766913346,0.9999147855243772,0.9999207464733874
SHORT_MOBILE-89,110000000,8047320,239798,354179,341328,2.17998,3.21981,3.102981818181818,0.9702015080797085,0.9559879562388472,0.9575848854028421
SHORT_MOBILE-90,110000000,9352659,657722,839859,802412,5.97929,7.63508,7.294654545454545,0.9296754003326755,0.910201045499467,0.9142049335916128
SHORT_MOBILE-91,110000000,9689928,867156,1087844,1049286,7.88324,9.88949,9.538963636363636,0.9105095517737594,0.8877345631463929,0.89171374647985
SHORT_MOBILE-92,110000000,5584010,3156,4810,4822,0.0286909,0.0437273,0.04383636363636364,0.9994348147657328,0.9991386118577867,0.9991364628645006
SHORT_MOBILE-93,110000000,19921540,1062475,1485479,1409601,9.65886,13.5044,12.814554545454545,0.9466670247380473,0.925433525721405,0.9292423678089143
SHORT_MOBILE-94,110000000,20183592,1339082,1854866,1761435,12.1735,16.8624,16.013045454545455,0.9336549212845762,0.908100302463506,0.9127293595708831
SHORT_MOBILE-95,110000000,15490965,13343,49112,51230,0.1213,0.446473,0.4657272727272727,0.9991386592119987,0.9968296358554809,0.9966929109968294
SHORT_MOBILE-96,110000000,15632470,169411,296764,287109,1.5401,2.69785,2.6100818181818184,0.9891628770117582,0.9810161797847685,0.9816338045107396
SHORT_MOBILE-97,110000000,10556210,1075707,1287035,1206784,9.77915,11.7003,10.970763636363637,0.8980972337609805,0.8780779275895421,0.885680182565523
SHORT_MOBILE-98,110000000,14387780,932469,1105982,1028153,8.47699,10.0544,9.346845454545454,0.9351902100254521,0.9231304621004769,0.928539844228922
SHORT_MOBILE-99,110000000,1367818,276,798,863,0.00250909,0.00725455,0.007845454545454546,0.9997982187688713,0.9994165890491279,0.9993690681070142
SHORT_MOBILE-100,110000000,2729542,735,1567,1622,0.00668182,0.0142455,0.014745454545454546,0.9997307240555375,0.9994259110136425,0.9994057611130366
SHORT_MOBILE-101,110000000,3266074,3522,27401,26981,0.0320182,0.2491,0.24528181818181818,0.9989216410895773,0.991610416665391,0.9917390114247259
SHORT_MOBILE-102,110000000,12254069,140446,1079273,1034956,1.27678,9.81157,9.40869090909091,0.988538827388682,0.9119253368003721,0.9155418498133151
SHORT_MOBILE-103,110000000,2829877,123249,278951,272772,1.12045,2.53592,2.4797454545454545,0.9564472236779196,0.9014264577577047,0.9036099448845303
SHORT_MOBILE-104,110000000,4782645,3303,3312,3317,0.0300273,0.0301091,0.030154545454545455,0.9993093779697217,0.9993074961658246,0.999306450719215
SHORT_MOBILE-105,110000000,3142888,901,912,912,0.00819091,0.00829091,0.00829090909090909,0.9997133209964848,0.999709821030848,0.999709821030848
SHORT_MOBILE-106,110000000,16081030,774263,993931,958898,7.03875,9.03574,8.717254545454546,0.9518524000017412,0.9381923297201734,0.9403708593292842
SHORT_MOBILE-107,595153582,65161478,892019,1513778,1472404,1.4988,2.54351,2.473989982639473,0.9863106389330212,0.9767688203757441,0.9774037660717272
mean:
TAGE mpki = 1.7240077957668218
HYB mpki = 2.95321083631215
MLP mpki = 2.8385576861543047
TAGE acc = 0.9824126780162695
HYB acc = 0.971243763420838
MLP acc = 0.9723143101276355
