traces,total_instruction_cnt,total_branch_cnt,TAGE_mispred,HYB_mispred,ML_mispred,TAGE_mpki,HYB_mpki,ML_mpki,TAGE_acc,HYB_acc,ML_acc
SHORT_SERVER-1,1283891318,162876464,685333,3668987,3636111,0.533794,2.85771,2.8321018679869288,0.9957923141062296,0.9774738049323075,0.9776756511609928
SHORT_SERVER-2,871444047,100664947,559654,2693931,2649852,0.642214,3.09134,3.040759770087683,0.994440428205858,0.9732386388680063,0.9736765172091135
SHORT_SERVER-3,1041027767,110978030,488235,2800014,2770120,0.468993,2.68966,2.6609472751940535,0.9956006157254729,0.9747696548587139,0.9750390234896043
SHORT_SERVER-4,449412053,48599379,119617,503268,510659,0.266163,1.11984,1.136282386267019,0.9975387134061939,0.9896445590385013,0.9894924789059547
SHORT_SERVER-5,1578129863,400113461,630099,1387160,1313859,0.399269,0.87899,0.8325417513501548,0.998425199196185,0.996533083399561,0.9967162839342714
SHORT_SERVER-6,1978831966,291630816,1825162,3747876,3607659,0.922343,1.89398,1.8231254911919086,0.9937415324449115,0.9871485597736008,0.9876293628722693
SHORT_SERVER-7,1170531026,141872714,370230,888072,849921,0.316292,0.758692,0.7260986519121964,0.997390407291426,0.993740360813849,0.9940092708736086
SHORT_SERVER-8,783804269,103345502,1062133,2058833,1963334,1.3551,2.62672,2.5048779110438857,0.9897225038395963,0.9800781556995097,0.9810022307502072
SHORT_SERVER-9,346537889,43714945,83599,186317,182483,0.241241,0.537653,0.5265888833298688,0.9980876334169012,0.9957379106847783,0.9958256152443975
SHORT_SERVER-10,1070163876,134252700,254794,449780,445256,0.238089,0.420291,0.4160633805583623,0.9981021312792965,0.9966497508057566,0.9966834484520609
SHORT_SERVER-11,632344250,74063220,346340,1752399,1751679,0.547708,2.77127,2.7701350965079543,0.9953237247853928,0.976339146475133,0.9763488678996133
SHORT_SERVER-12,992739167,166307111,161121,762094,749655,0.162299,0.767668,0.7551379304046336,0.9990311839401744,0.9954175501250816,0.9954923454836516
SHORT_SERVER-13,1928327997,288740104,617063,1260525,1244375,0.319999,0.653688,0.6453129353180261,0.9978629120394027,0.9956343958371644,0.9956903284900112
SHORT_SERVER-14,1235738921,213235150,275589,488226,473329,0.223016,0.395088,0.3830331730726478,0.9987075817471932,0.9977103868663304,0.9977802487066508
SHORT_SERVER-15,209999900,20984559,70263,172926,170142,0.334586,0.823458,0.8102003858097075,0.9966516808859314,0.9917593693534374,0.9918920383316132
SHORT_SERVER-16,209999900,16567904,159541,315051,306986,0.759719,1.50024,1.4618387913518054,0.9903704777623048,0.9809842572723744,0.9814710418408992
SHORT_SERVER-17,209999900,21221992,88922,263356,263581,0.423438,1.25408,1.255148216737246,0.9958099126604137,0.9875904203526229,0.9875798181433675
SHORT_SERVER-18,209999900,49171610,19462,79879,84971,0.0926762,0.380376,0.4046240022019058,0.9996042025062836,0.9983755057033926,0.9982719500134325
SHORT_SERVER-19,209999900,11427941,192400,297889,287931,0.916191,1.41852,1.3711006529050729,0.9831640712880825,0.9739332745942598,0.9748046476613766
SHORT_SERVER-20,209999900,22191363,107870,350388,339607,0.513667,1.66852,1.6171769605604573,0.9951390998380767,0.9842106138320571,0.9846964334727885
SHORT_SERVER-21,209999900,3068037,5475,16392,16120,0.0260714,0.0780572,0.07676194131521015,0.9982154713258021,0.9946571700406481,0.994745826077065
SHORT_SERVER-22,209999900,11711600,4645,13146,12850,0.0221191,0.0626,0.06119050532881206,0.9996033846784385,0.9988775231394514,0.9989027972266813
SHORT_SERVER-23,209999900,7297598,4605,36133,43906,0.0219286,0.172062,0.20907629003632858,0.9993689704475363,0.9950486447732528,0.9939834997762277
SHORT_SERVER-24,209999900,11130409,4365,16319,17337,0.0207857,0.0777096,0.08255718217008674,0.9996078311228276,0.9985338364475196,0.9984423752981584
SHORT_SERVER-25,209999900,13357653,6282,60928,60963,0.0299143,0.290133,0.2903001382381611,0.9995297078012133,0.9954387196613058,0.995436099440523
SHORT_SERVER-26,69999900,1749705,80304,107814,99779,1.1472,1.5402,1.4254163220233171,0.9541042632900975,0.9383816129004604,0.942973815586056
SHORT_SERVER-27,209999900,2819516,5147,11526,11184,0.0245095,0.0548857,0.05325716821769915,0.9981745093838801,0.9959120643401208,0.9960333617542869
SHORT_SERVER-28,209999900,8654940,21196,84711,84325,0.100933,0.403386,0.401547810260862,0.997550993998803,0.990212410484648,0.9902570092918033
SHORT_SERVER-29,209999900,1446937,3245,10693,10616,0.0154524,0.0509191,0.050552405024954776,0.9977573315216903,0.9926099063055268,0.992663122167724
SHORT_SERVER-30,209999900,2425804,2772,5163,5132,0.0132,0.0245857,0.024438106875288988,0.9988572860791721,0.9978716334872891,0.9978844127555235
SHORT_SERVER-31,209999900,4660148,3150,5701,5581,0.015,0.0271476,0.0265762031315253,0.9993240558025196,0.9987766482952902,0.9988023985504323
SHORT_SERVER-32,209999900,3057959,5361,29654,29624,0.0255286,0.14121,0.14106673384130183,0.9982468698893608,0.9903026822792588,0.9903124927443435
SHORT_SERVER-33,209999900,2323368,4000,33077,32934,0.0190476,0.15751,0.1568286461088791,0.9982783614132587,0.9857633401165894,0.9858248886960653
SHORT_SERVER-34,209999900,2769081,5032,28168,28103,0.0239619,0.134133,0.13382387324946346,0.9981827906081476,0.9898276720688199,0.9898511455605669
SHORT_SERVER-35,209999900,3539131,9903,15908,15456,0.0471572,0.0757524,0.07360003504763574,0.9972018554837332,0.9955051112829675,0.9956328262502857
SHORT_SERVER-36,209999900,3563511,8910,14733,14361,0.0424286,0.0701572,0.06838574685035564,0.9974996569394622,0.995865594353434,0.9959699857808774
SHORT_SERVER-37,209999900,3604627,9335,15557,15212,0.0444524,0.074081,0.07243812973244274,0.9974102729630555,0.9956841581667119,0.9957798684856991
SHORT_SERVER-38,209999900,3575639,9243,14661,14218,0.0440143,0.0698143,0.06770479414514007,0.9974150074993589,0.9958997538621768,0.9960236478011343
SHORT_SERVER-39,209999900,3480966,8507,13685,13382,0.0405095,0.0651667,0.06372383986849517,0.9975561381524554,0.9960686200324852,0.9961556648355657
SHORT_SERVER-40,209999900,3658880,10611,18203,17576,0.0505286,0.086681,0.08369527795013236,0.9970999322196956,0.9950249803218472,0.9951963442364876
SHORT_SERVER-41,69999900,8694263,418632,475419,446433,5.98047,6.79171,6.377623396604852,0.9518496277372792,0.945318079289757,0.9486520019005636
SHORT_SERVER-42,69999900,9856631,238370,260626,253988,3.40529,3.72323,3.6284051834359765,0.97581628043091,0.9735583081075065,0.974231763368234
SHORT_SERVER-43,69999900,3184153,62238,91715,89882,0.889116,1.31022,1.2840304057577225,0.9804538286947895,0.9711964217799836,0.9717720850725452
SHORT_SERVER-44,69999900,7151318,830098,1054273,1007301,11.8586,15.0611,14.390034842906918,0.8839237746104984,0.8525764061953335,0.859144705912952
SHORT_SERVER-45,69999900,9777636,816126,988298,930873,11.659,14.1186,13.298204711721016,0.9165313578865075,0.8989226025595553,0.9047956990830912
SHORT_SERVER-46,69999900,6565751,505381,658320,627429,7.21974,9.40458,8.96328423326319,0.923027693252455,0.8997342421301082,0.9044391113826887
SHORT_SERVER-47,69999900,6233351,492048,626126,600412,7.02927,8.94467,8.577326539037912,0.9210620419097209,0.899552263301072,0.9036774922509578
SHORT_SERVER-48,69999900,9872265,198856,216354,212098,2.8408,3.09078,3.0299757571082244,0.9798571047272333,0.978084664461499,0.9785157712034674
SHORT_SERVER-49,69999900,9543393,1090269,1369093,1287819,15.5753,19.5585,18.39744056777224,0.8857566695618634,0.8565402263115435,0.8650564846276372
SHORT_SERVER-50,69999900,7159931,555242,729143,697121,7.93204,10.4163,9.958885655550937,0.922451487311819,0.8981634040886707,0.9026357935572284
SHORT_SERVER-51,69999900,9822682,302586,337740,323496,4.32266,4.82486,4.621378030540043,0.9691951750041384,0.9656163153810742,0.9670664284968199
SHORT_SERVER-52,69999900,7061493,268701,314067,297046,3.83859,4.48668,4.243520347886212,0.9619484151580976,0.9555239947132993,0.9579343914948297
SHORT_SERVER-53,69999900,4216003,169327,209937,199200,2.41896,2.9991,2.845718351026216,0.9598370779147928,0.9502047318277524,0.952751456770785
SHORT_SERVER-54,69999900,8203521,591557,758682,714184,8.45083,10.8383,10.202643146633067,0.9278898658271247,0.9075175159544298,0.9129417721975722
SHORT_SERVER-55,69999900,7514696,288793,367610,345425,4.12562,5.25158,4.934649906642724,0.9615695698136025,0.9510811881145957,0.9540334033472545
SHORT_SERVER-56,69999900,6054098,172597,220867,211958,2.46567,3.15525,3.0279757542510777,0.9714908810528009,0.9635177692861926,0.964989334497063
SHORT_SERVER-57,69999900,9830003,1154676,1437204,1355650,16.4954,20.5315,19.366456237794626,0.8825355394092962,0.8537941443151136,0.8620905812541462
SHORT_SERVER-58,69999900,6409298,622826,881754,828065,8.89753,12.5965,11.829516899309857,0.9028246151138549,0.8624258070072572,0.8708025434298733
SHORT_SERVER-59,69999900,7774569,274705,352497,334735,3.92436,5.03568,4.781935402764861,0.9646662085062208,0.9546602519059256,0.9569448801599163
SHORT_SERVER-60,69999900,6881726,724721,1015004,949511,10.3532,14.5001,13.564462234946049,0.8946890649235381,0.8525073506268631,0.8620242944865867
SHORT_SERVER-61,69999900,10032701,986166,1248846,1176085,14.0881,17.8407,16.80123828748327,0.9017048350190043,0.875522454023099,0.8827748380022489
SHORT_SERVER-62,69999900,9894674,301250,379012,360267,4.30358,5.41446,5.146678780969687,0.9695543279141889,0.9616953524694194,0.9635898059905763
SHORT_SERVER-63,69999900,9865422,366861,467715,441272,5.24088,6.68165,6.3038947198496,0.9628134508589699,0.9525904720548194,0.9552708439638974
SHORT_SERVER-64,69999900,5383819,302070,410569,386541,4.31529,5.86528,5.522022174317392,0.943892987487135,0.9237401926030574,0.9282031955383344
SHORT_SERVER-65,69999900,8611446,525212,668532,626722,7.50304,9.55047,8.953184218834599,0.9390100106300382,0.9223670449771153,0.9272222109968523
SHORT_SERVER-66,69999900,9122352,422577,530719,499368,6.03682,7.58171,7.133838762626803,0.9536767491541656,0.9418221309592087,0.9452588542954712
SHORT_SERVER-67,69999900,8368350,678986,951153,896539,9.69981,13.5879,12.807718296740424,0.9188626192738114,0.8863392425030023,0.8928654991724773
SHORT_SERVER-68,69999900,9410524,260214,333558,312184,3.71735,4.76512,4.459777799682571,0.972348617356483,0.9645547899351832,0.9668260768475805
SHORT_SERVER-69,209999900,22020736,558411,969694,926661,2.6591,4.61759,4.412673529844538,0.9746415832785971,0.9559645054552218,0.9579187089841139
SHORT_SERVER-70,69999900,6115830,227599,463642,443330,3.25142,6.62347,6.33329476184966,0.9627852638153774,0.9241898483116764,0.9275110655462955
SHORT_SERVER-71,69999900,6023235,71179,147847,144705,1.01684,2.1121,2.06721723888177,0.9881825962294348,0.9754538881514668,0.9759755347417127
SHORT_SERVER-72,210000000,41327280,551997,1266462,1241553,2.62856,6.03077,5.912157142857143,0.9866432777574522,0.9693553023571839,0.9699580277240603
SHORT_SERVER-73,210000000,32276291,285434,474266,459014,1.35921,2.25841,2.1857809523809526,0.9911565427390651,0.9853060563867143,0.9857786013888646
SHORT_SERVER-74,210000000,26669204,31190,139907,141326,0.148524,0.666224,0.6729809523809523,0.9988304862792305,0.9947539866581695,0.9947007792208571
SHORT_SERVER-75,209999900,38459315,189639,872709,878853,0.903043,4.15576,4.18501627857918,0.9950691009447256,0.9773082541901748,0.9771485009548402
SHORT_SERVER-76,209999900,27490807,74262,272319,274299,0.353629,1.29676,1.3061863362792077,0.9972986606031609,0.9900941794833451,0.990022155406351
SHORT_SERVER-77,209999900,42251206,106466,307505,302977,0.506981,1.46431,1.4427483060706219,0.997480166601635,0.9927219828944054,0.9928291514329792
SHORT_SERVER-78,209999900,45904587,17522,40420,40397,0.0834381,0.192476,0.1923667582698849,0.9996182952261394,0.9991194779728657,0.9991199790121192
SHORT_SERVER-79,209999900,30155076,91758,223474,218517,0.436943,1.06416,1.0405576383607802,0.9969571292076995,0.9925891747047827,0.9927535583064026
SHORT_SERVER-80,209999900,34237798,40755,205039,203640,0.194072,0.976377,0.9697147474832131,0.9988096489149214,0.9940113263125158,0.9940521875851945
SHORT_SERVER-81,209999900,34981185,368961,1049883,1008533,1.75696,4.99945,4.8025403821620865,0.9894525871550663,0.9699872088381225,0.9711692728533925
SHORT_SERVER-82,69999900,12447998,207791,478291,456964,2.96845,6.83274,6.528066468666384,0.983307275595642,0.9615768736466699,0.9632901611970053
SHORT_SERVER-83,69999900,10029994,64026,160936,154837,0.914658,2.29909,2.2119603028004327,0.9936165465303369,0.9839545267923391,0.9845626029287754
SHORT_SERVER-84,69999900,11503492,170724,406781,386166,2.43892,5.81117,5.516665023807177,0.9851589413023454,0.9646384767338474,0.9664305412652089
SHORT_SERVER-85,69999900,10922652,48259,110881,108843,0.689415,1.58402,1.5549022212888877,0.995581750659089,0.9898485276286382,0.9900351123518354
SHORT_SERVER-86,69999900,11211245,70880,210481,204423,1.01257,3.00688,2.9203327433324904,0.9936777761970236,0.9812259030999679,0.9817662534357245
SHORT_SERVER-87,69999900,11158879,121585,373914,366547,1.73693,5.34164,5.236393194847421,0.9891041922759446,0.9664917954572319,0.9671519872202217
SHORT_SERVER-88,69999900,8914029,110961,239423,229582,1.58516,3.42033,3.2797475424964895,0.9875520934473064,0.9731408771499397,0.9742448672760656
SHORT_SERVER-89,69999900,11482784,206199,488379,461626,2.9457,6.97685,6.594666563809377,0.9820427694189842,0.9574685894988533,0.9597984251902675
SHORT_SERVER-90,69999900,13124725,63419,246187,246024,0.905987,3.51696,3.5146335923337033,0.9951679749480465,0.9812425022238561,0.9812549215316893
SHORT_SERVER-91,69999900,11767880,310945,661263,616561,4.44208,9.44663,8.808026868609812,0.9735768039782866,0.9438078056540345,0.9476064507795796
SHORT_SERVER-92,209999900,35047261,427994,1044326,1009103,2.03807,4.97298,4.80525466916889,0.9877880899166415,0.9702023504775452,0.9712073648208914
SHORT_SERVER-93,209999900,35929137,601124,1439524,1379148,2.8625,6.85488,6.567374555892646,0.9832691778820071,0.959934356341484,0.9616147752171169
SHORT_SERVER-94,209999900,32360968,557518,1209083,1180347,2.65485,5.75754,5.6207026765250845,0.9827718997775344,0.9626376133124325,0.9635255966385183
SHORT_SERVER-95,209999900,33098827,324876,892671,887885,1.54703,4.25082,4.22802582286944,0.9901846672693265,0.9730301318533131,0.9731747291225759
SHORT_SERVER-96,69999900,10909686,298064,347661,327464,4.25806,4.96659,4.678063825805466,0.9726789570295608,0.9681328133550315,0.9699841040337916
SHORT_SERVER-97,69999900,8123563,410018,580688,544129,5.85741,8.29555,7.773282533260762,0.9495273194779188,0.9285180652873622,0.9330184304596394
SHORT_SERVER-98,69999900,16462828,238438,316871,298596,3.40626,4.52674,4.265663236661767,0.9855165831775683,0.9807523348965318,0.9818624114884758
SHORT_SERVER-99,69999900,11664735,795940,1038340,976687,11.3706,14.8334,13.952691360987659,0.931765273707461,0.9109846901794169,0.9162701081507638
SHORT_SERVER-100,69999900,11065814,700398,875149,823529,10.0057,12.5021,11.764716806738296,0.9367061474194307,0.9209141776646526,0.9255789949117164
SHORT_SERVER-101,209999900,27515137,2028849,2454552,2291371,9.66119,11.6883,10.911295672045558,0.9262642595601105,0.9107926665965719,0.9167232567295595
SHORT_SERVER-102,209999900,46390560,1415579,1750343,1640938,6.74086,8.33497,7.813994197140094,0.9694856237993247,0.9622694142946323,0.9646277604754071
SHORT_SERVER-103,209999900,32102571,1928608,2676301,2517203,9.18385,12.7443,11.986686660326981,0.9399235656234511,0.9166328142378378,0.921588741288042
SHORT_SERVER-104,69999900,11918215,113434,241457,241852,1.62049,3.44939,3.4550335071907248,0.9904822995725451,0.9797405064432887,0.9797073638963553
SHORT_SERVER-105,69999900,7332291,165467,337786,330965,2.36382,4.82552,4.728078182968833,0.9774331106062212,0.9539317247501498,0.9548619933387805
SHORT_SERVER-106,69999900,10651288,206686,473611,457881,2.95266,6.76588,6.541166487380696,0.9805952106449474,0.9555348611360429,0.9570116778365207
SHORT_SERVER-107,69999900,15480666,1256631,1748543,1715050,17.9519,24.9792,24.500749286784696,0.9188257792009724,0.8870498853214713,0.889213422730004
SHORT_SERVER-108,69999900,18249806,1049964,1341944,1237032,14.9995,19.1707,17.6719109598728,0.9424671144449426,0.9264680402630033,0.9322167041118136
SHORT_SERVER-109,69999900,16838766,473106,794692,767487,6.75867,11.3528,10.964115663022376,0.9719037606437432,0.9528058053660227,0.9544214225674257
SHORT_SERVER-110,69999900,16544795,163981,301566,306128,2.34259,4.30809,4.373263390376272,0.9900886653476214,0.9817727569305029,0.9814970206642029
SHORT_SERVER-111,69999900,17048156,426050,722544,678066,6.08644,10.3221,9.686670980958544,0.9750090273692944,0.9576174690095516,0.9602264315272573
SHORT_SERVER-112,69999900,15629000,906473,1274527,1258822,12.9496,18.2076,17.983197118853028,0.9420005758525818,0.9184511485059825,0.9194560112611172
SHORT_SERVER-113,69999900,12339818,315345,484429,481631,4.50494,6.92042,6.8804526863609805,0.9744449229316023,0.9607426138699938,0.9609693595156752
SHORT_SERVER-114,209999900,34055400,978324,1796661,1730490,4.65869,8.55553,8.240432495444045,0.9712725735125707,0.9472429923007805,0.9491860321711094
SHORT_SERVER-115,209999900,32712585,927971,1682702,1616932,4.41891,8.01287,7.699679856990408,0.9716325995026074,0.948561020170066,0.9505715613730923
SHORT_SERVER-116,209999900,47198723,441316,1653639,1598068,2.10151,7.87448,7.609851242786306,0.990649831776169,0.964964327530641,0.966141711079768
SHORT_SERVER-117,209999900,33448263,853176,1587465,1540936,4.06274,7.55936,7.3377939703780815,0.9744926664801696,0.9525396879353646,0.9539307616661589
SHORT_SERVER-118,209999900,39781308,589293,1424137,1407749,2.80616,6.78161,6.70356985884279,0.9851866861692934,0.9642008503088938,0.9646128025755212
SHORT_SERVER-119,209999900,35625452,1100902,2053926,1972388,5.24239,9.7806,9.392328282061086,0.9690978797967251,0.9423466683313941,0.9446354252572009
SHORT_SERVER-120,209999900,38336600,543236,1130264,1120074,2.58684,5.38221,5.333688254137264,0.9858298336315688,0.97051736460719,0.9707831680430711
SHORT_SERVER-121,209999900,36255957,539326,1489046,1463056,2.56822,7.0907,6.966936650922214,0.9851244858879329,0.9589296181038608,0.9596464658207753
SHORT_SERVER-122,209999900,38020043,161700,995589,1009549,0.77,4.7409,4.807378479704038,0.9957469800862666,0.9738141011571186,0.9734469264014246
SHORT_SERVER-123,209999900,34004612,1215533,2154617,2067623,5.78826,10.2601,9.84582849801357,0.964253878268042,0.9366375067005617,0.9391958067335101
SHORT_SERVER-124,69999900,7554572,40797,43040,42840,0.582815,0.614858,0.6120008742869633,0.994599694066057,0.9943027877687842,0.9943292618033159
SHORT_SERVER-125,69999900,10509069,13336,83865,87211,0.190515,1.19807,1.2458732083902977,0.9987310008146297,0.9920197497989593,0.9917013581317241
SHORT_SERVER-126,209999900,24419460,889418,1977649,1871268,4.23533,9.41738,8.910804243240117,0.963577491066551,0.9190134016067514,0.9233698042462856
SHORT_SERVER-127,209999900,22535126,1570266,2376427,2213336,7.47746,11.3163,10.539700257000122,0.9303191825952072,0.8945456528621141,0.9017828433708336
SHORT_SERVER-128,69999900,9301478,654906,837744,805219,9.35581,11.9678,11.503145004492863,0.9295911897012497,0.9099343136649896,0.9134310697719222
SHORT_SERVER-129,69999900,9781254,793903,1093711,1034405,11.3415,15.6245,14.777235396050566,0.9188342312754582,0.8881829466855682,0.8942461774328732
SHORT_SERVER-130,209999900,49642620,3068360,6303967,5924329,14.6112,30.0189,28.21110391004948,0.9381910140923263,0.8730130077743681,0.8806604284785936
SHORT_SERVER-131,209999900,29706302,1386244,2088155,1995169,6.60117,9.9436,9.50080928609966,0.9533350196197427,0.9297066662824609,0.9328368438454574
SHORT_SERVER-132,209999900,29813767,561411,1239686,1177518,2.67339,5.90327,5.6072312415386865,0.9811694040541741,0.9584190082387106,0.960504219409778
SHORT_SERVER-133,209999900,39636601,5216008,6731161,6283218,24.8381,32.0532,29.920099961952364,0.8684042559552471,0.8301781477175604,0.8414793942598661
SHORT_SERVER-134,209999900,37057203,3862566,4492190,4116664,18.3932,21.3914,19.603171239605352,0.8957674706318229,0.8787768736890369,0.8889105580904204
SHORT_SERVER-135,209999900,38591471,2996698,3611662,3311563,14.27,17.1984,15.769355128264348,0.9223481789538419,0.9064129480837877,0.9141892518168069
SHORT_SERVER-136,209999900,40435585,4472652,6019668,5688320,21.2984,28.6651,27.087250993929043,0.8893882207961131,0.8511294445226896,0.8593239098680037
SHORT_SERVER-137,209999900,29592288,1452035,2202157,2072447,6.91446,10.4865,9.86879993752378,0.9509319793048784,0.9255834155169076,0.9299666521223368
SHORT_SERVER-138,209999900,42158329,7173478,9019951,8547658,34.1594,42.9522,40.703152715787006,0.8298443470091046,0.7860458131535526,0.7972486528106937
SHORT_SERVER-139,209999900,40105691,5711360,7246633,6848981,27.197,34.5078,32.614210768671796,0.8575922803574186,0.819311603433039,0.8292267050080249
SHORT_SERVER-140,209999900,37497133,2125620,3561088,3326481,10.122,16.9576,15.840393257330122,0.943312466049071,0.9050303925902815,0.9112870575998437
SHORT_SERVER-141,209999900,26882487,1236864,1554965,1511741,5.88983,7.4046,7.198770094652426,0.9539899712403841,0.9421569514755089,0.9437648384243615
SHORT_SERVER-142,209999900,29734402,590556,1488964,1411442,2.81217,7.09031,6.721155581502658,0.9801389649605194,0.9499245352235435,0.9525316836706519
SHORT_SERVER-143,209999900,38259361,3232121,4663267,4385373,15.3911,22.206,20.882738515589768,0.9155207793460011,0.8781143521973616,0.8853777772190183
SHORT_SERVER-144,209999900,36851130,4301922,5015697,4606790,20.4854,23.8843,21.93710568433604,0.8832621414865705,0.8638929932406415,0.8749891794362886
SHORT_SERVER-145,209999900,41461608,3860712,5786349,5605293,18.3844,27.5541,26.691884138992446,0.9068846533882622,0.8604407962180338,0.8648076311946222
SHORT_SERVER-146,209999900,40126486,5693312,7243494,6844279,27.111,34.4928,32.59182028181918,0.8581158589366634,0.819483470344251,0.8294323853825625
SHORT_SERVER-147,209999900,30481398,2014520,2616480,2481259,9.59296,12.4594,11.815524674059368,0.9339098554469188,0.9141614173995563,0.9185975984434834
SHORT_SERVER-148,209999900,26467404,981414,1315959,1253282,4.6734,6.26647,5.968012365720174,0.9629198995111119,0.9502800123502857,0.952648094992618
SHORT_SERVER-149,209999900,23659741,1802803,2363937,2232117,8.58478,11.2568,10.629133632920778,0.9238029275130273,0.900086099843612,0.9056575894047192
SHORT_SERVER-150,209999900,36522058,1388194,1636361,1543795,6.61045,7.7922,7.351408262575363,0.9619902580517231,0.9551952685689289,0.9577297916782236
SHORT_SERVER-151,209999900,23334101,1646420,2185703,2062252,7.8401,10.4081,9.820252295358236,0.9294414642329696,0.906330096025555,0.9116206791082287
SHORT_SERVER-152,209999900,27501852,2221459,2858414,2695688,10.5784,13.6115,12.836615636483636,0.919225112548784,0.8960646722991601,0.9019815829130343
SHORT_SERVER-153,209999900,32918925,2359439,3432678,3232690,11.2354,16.3461,15.393769235128207,0.9283257579036983,0.8957232655683622,0.901798433575823
SHORT_SERVER-154,209999900,23641045,2014847,2637062,2481389,9.59451,12.5574,11.816143721973202,0.9147733528699767,0.8884540848342364,0.8950389460364379
SHORT_SERVER-155,209999900,27481811,2185892,2936654,2814837,10.409,13.9841,13.403992097139094,0.9204604092503219,0.893141903930567,0.8975745448507741
SHORT_SERVER-156,209999900,31884894,1599323,1806692,1737572,7.61583,8.6033,8.274156321026819,0.9498407302216529,0.9433370548448429,0.9455048525486709
SHORT_SERVER-157,209999900,43540556,3099,5385,5244,0.0147571,0.0256429,0.024971440462590696,0.9999288249787164,0.9998763222040619,0.9998795605641784
SHORT_SERVER-158,209999900,29976553,1637670,2787499,2638056,7.79843,13.2738,12.562177410560672,0.9453683016856541,0.9070106893210838,0.9119960190219336
SHORT_SERVER-159,209999900,32122463,447677,493922,484189,2.1318,2.35201,2.305663002696668,0.986063428573332,0.9846237818065197,0.9849267784976513
SHORT_SERVER-160,209999900,33757530,845023,947110,886896,4.02392,4.51005,4.223316296817284,0.9749678664286161,0.9719437411445684,0.9737274616952128
SHORT_SERVER-161,209999900,35141826,161504,373575,359483,0.769067,1.77893,1.7118246246783928,0.9954042228767509,0.9893695051588953,0.9897705087948475
SHORT_SERVER-162,209999900,37589481,3680035,4495180,4218349,17.524,21.4056,20.08738575589798,0.9020993399722651,0.8804138849376505,0.887778471854932
SHORT_SERVER-163,209999900,30095044,1746583,2852467,2689302,8.31707,13.5832,12.80620609819338,0.9419644310870587,0.9052180485265282,0.9106397053282261
SHORT_SERVER-164,209999900,33923145,935499,1184856,1127974,4.45476,5.64217,5.371307319670152,0.9724229873144132,0.9650723422017622,0.9667491324875686
SHORT_SERVER-165,209999900,31354100,1021363,1374130,1308271,4.86364,6.54348,6.229864871364224,0.9674248981791855,0.956173833725095,0.9582743245699924
SHORT_SERVER-166,209999900,31773567,2408127,3299004,3119626,11.4673,15.7096,14.855368978747133,0.9242097369804277,0.8961714307996959,0.9018169411070529
SHORT_SERVER-167,209999900,32766639,924223,1177781,1125353,4.40106,5.60848,5.358826361345886,0.971793780863518,0.9640554833835719,0.9656555254263338
SHORT_SERVER-168,209999900,30770780,2120415,2961998,2812833,10.0972,14.1048,13.394449235452017,0.9310899821194003,0.9037399116954461,0.9085875301178585
SHORT_SERVER-169,209999900,25839066,509163,650855,625935,2.42459,3.09931,2.9806442764972747,0.9802948372824312,0.9748112025411445,0.9757756336858306
SHORT_SERVER-170,209999900,28153262,1185032,1598556,1517716,5.64301,7.61218,7.227222489153566,0.9579078260984464,0.943219510407,0.9460909361053792
SHORT_SERVER-171,209999900,18563146,664293,913846,870863,3.1633,4.35165,4.146968641413639,0.9642144171036526,0.950770952294401,0.9530864542033985
SHORT_SERVER-172,209999900,28785029,1491122,1957137,1852818,7.10058,9.3197,8.822947058546218,0.9481980025102632,0.9320085103961507,0.9356325817840934
SHORT_SERVER-173,209999900,30709632,510025,741546,709198,2.42869,3.53117,3.3771349414928293,0.9833920185041618,0.9758529831943281,0.9769063334917201
SHORT_SERVER-174,209999900,29844036,647612,911556,870844,3.08387,4.34074,4.146878165180079,0.9783001199971746,0.9694560078938385,0.9708201665485191
SHORT_SERVER-175,209999900,27538605,1536398,2005942,1899028,7.31618,9.55211,9.042994782378468,0.9442093018146707,0.9271589101917108,0.9310412419220219
SHORT_SERVER-176,209999900,30591298,2015211,2581070,2427697,9.59625,12.2908,11.560467409746385,0.9341246978143916,0.9156273133621202,0.920640928671938
SHORT_SERVER-177,209999900,18673862,606600,833984,795575,2.88857,3.97135,3.788454184978183,0.9675160928146518,0.9553395007417319,0.9573963329063908
SHORT_SERVER-178,209999900,25482211,959102,1255187,1189221,4.56715,5.97708,5.662959839504685,0.9623619002291441,0.9507426180561804,0.953331325919874
SHORT_SERVER-179,209999900,33988905,193082,319007,299985,0.919439,1.51908,1.4285006802384193,0.9943192638892014,0.9906143784273133,0.9911740316435613
SHORT_SERVER-180,209999900,34578618,926352,1571266,1479428,4.4112,7.48222,7.044898592808853,0.9732102653726646,0.9545596067488874,0.9572155255019157
SHORT_SERVER-181,209999900,40283949,377345,489553,465517,1.79688,2.33121,2.216748674642226,0.9906328696821655,0.9878474426625851,0.9884441071057855
SHORT_SERVER-182,209999900,32526956,1699769,2211099,2100780,8.09414,10.529,10.003719049390023,0.9477427583448018,0.9320225661448308,0.9354141838541546
SHORT_SERVER-183,209999900,32377008,1711068,2410877,2295029,8.14795,11.4804,10.928714727959393,0.9471517565798544,0.9255373751644994,0.9291154698420558
SHORT_SERVER-184,209999900,24851223,2695482,3452258,3234773,12.8356,16.4393,15.403688287470613,0.8915352375213084,0.8610829736629059,0.8698344544250398
SHORT_SERVER-185,209999900,29278291,2754335,3542167,3327953,13.1159,16.8675,15.847402784477516,0.9059256908130328,0.8790172896362017,0.8863337685932556
SHORT_SERVER-186,209999900,41227660,450293,473599,460545,2.14425,2.25523,2.1930724728916537,0.9890778909111019,0.9885125908188823,0.9888292229052049
SHORT_SERVER-187,209999900,25185004,2834759,3666303,3443898,13.4989,17.4586,16.39952209501052,0.8874425828957582,0.8544251571292186,0.8632560074241005
SHORT_SERVER-188,209999900,45369033,43942,1127309,1216561,0.209248,5.36814,5.793150377690656,0.9990314538994032,0.9751524569633212,0.9731852120365889
SHORT_SERVER-189,209999900,28409779,253521,678099,656165,1.20724,3.22904,3.124596725998441,0.9910762769397115,0.9761314933143267,0.976903551414462
SHORT_SERVER-190,209999900,47957815,23842,314328,316347,0.113533,1.4968,1.5064150030547634,0.999502854748491,0.9934457397610796,0.9934036402617592
SHORT_SERVER-191,209999900,35299009,176526,600585,592363,0.8406,2.85993,2.8207775337035876,0.9949991230631999,0.9829857829719809,0.9832187073580451
SHORT_SERVER-192,209999900,41847414,247785,835959,824158,1.17993,3.98076,3.924563773601797,0.9940788455888816,0.9800236401704535,0.9803056408694693
SHORT_SERVER-193,209999900,34622057,249594,989226,964737,1.18854,4.7106,4.593987901899001,0.99279089627748,0.9714278675007669,0.9721351911586305
SHORT_SERVER-194,209999900,36779135,143072,646819,647603,0.681296,3.08009,3.083825278012037,0.9961099683285102,0.9824134254380915,0.9823921090041949
SHORT_SERVER-195,209999900,34318358,55437,292881,314513,0.263986,1.39467,1.4976816655626979,0.998384625511512,0.991465763018149,0.9908354298302967
SHORT_SERVER-196,209999900,36929802,224543,822967,814291,1.06925,3.91889,3.877578036941922,0.9939197345276858,0.9777153692835938,0.9779503014936284
SHORT_SERVER-197,209999900,37818507,648356,1461139,1387928,3.08741,6.95781,6.609184099611476,0.9828561185664997,0.9613644451908162,0.96330029633375
SHORT_SERVER-198,209999900,39345007,338611,719614,705038,1.61243,3.42673,3.3573254082501944,0.9913937999807702,0.9817101570219571,0.9820806233431347
SHORT_SERVER-199,209999900,36695929,243198,905798,894631,1.15809,4.31333,4.260149647690309,0.9933726163466252,0.975316117490853,0.9756204291762174
SHORT_SERVER-200,209999900,41397241,353563,996875,981097,1.68363,4.74703,4.671892700901286,0.9914592617416219,0.9759192889207279,0.9763004254317335
SHORT_SERVER-201,209999900,36715490,478327,1140938,1091727,2.27775,5.43304,5.198702475572607,0.9869720654688253,0.9689248870163519,0.9702652204832347
SHORT_SERVER-202,209999900,47412871,192589,522605,512297,0.917091,2.4886,2.4395106854812787,0.9959380439121689,0.988977571090348,0.9891949804094335
SHORT_SERVER-203,209999900,42574907,404225,1057191,1036610,1.92488,5.03425,4.936240445828783,0.9905055576515998,0.9751686832809758,0.975652090091471
SHORT_SERVER-204,209999900,32237434,40529,68369,65936,0.192995,0.325567,0.3139811018957628,0.9987427969608251,0.9978792046538195,0.9979546759211667
SHORT_SERVER-205,209999900,39249856,37705,321866,341760,0.179548,1.5327,1.6274293463949268,0.9990393595329369,0.9917995622710055,0.991292706908275
SHORT_SERVER-206,209999900,46998307,25127,205959,206524,0.119652,0.980758,0.9834480873562321,0.9994653637204421,0.9956177357622691,0.995605714052636
SHORT_SERVER-207,209999900,36180978,266581,1160754,1133184,1.26943,5.5274,5.396116855293741,0.9926320123242661,0.9679181143196295,0.9686801169387959
SHORT_SERVER-208,209999900,32280724,175145,287273,279869,0.834024,1.36797,1.3327101584334087,0.9945743162390038,0.9911007881979351,0.9913301510833524
SHORT_SERVER-209,209999900,31182786,70136,101217,96220,0.333981,0.481986,0.45819069437652116,0.9977508103349072,0.9967540745076466,0.9969143231781792
SHORT_SERVER-210,209999900,40065967,634658,1399173,1330112,3.02218,6.66273,6.333869682795087,0.9841596734705043,0.9650782670489395,0.9668019493951063
SHORT_SERVER-211,209999900,11866966,25340,73920,75101,0.120667,0.352,0.3576239798209428,0.9978646606049094,0.9937709436430509,0.9936714236815037
SHORT_SERVER-212,209999900,63341565,158294,396927,395473,0.753781,1.89013,1.8832056586693613,0.9975009458639047,0.9937335460530538,0.9937565009642563
SHORT_SERVER-213,209999900,37447353,40181,254147,270944,0.191338,1.21022,1.290210138195304,0.9989270002608729,0.9932132185684793,0.9927646688405453
SHORT_SERVER-214,209999900,48400443,15762,21817,21345,0.0750572,0.103891,0.10164290554424074,0.9996743418236895,0.9995492396629511,0.9995589916398079
SHORT_SERVER-215,209999900,37553727,706467,1534603,1454528,3.36413,7.30764,6.926327107774814,0.9811878325685224,0.9591358002895425,0.9612680786650017
SHORT_SERVER-216,209999900,37821159,478886,1274971,1224222,2.28041,6.07129,5.829631347443499,0.9873381458246692,0.9662894783314282,0.9676312933720513
SHORT_SERVER-217,209999900,48673202,214018,769519,775618,1.01913,3.66438,3.69342080639086,0.9956029603312312,0.9841900888295781,0.9840647837386988
SHORT_SERVER-218,209999900,47254219,33433,160733,161529,0.159205,0.765396,0.7691860805648003,0.999292486455019,0.9965985471053918,0.9965817020486573
SHORT_SERVER-219,209999900,17573176,19598,37328,36917,0.0933239,0.177752,0.1757953218072961,0.9988847775723637,0.9978758535167462,0.9978992414347867
SHORT_SERVER-220,209999900,31689493,33584,407081,416512,0.159924,1.93848,1.9833914206625813,0.9989402165569515,0.9871540702781203,0.9868564637496725
SHORT_SERVER-221,209999900,31729172,32412,405367,414352,0.154343,1.93032,1.9731057014789055,0.9989784794888439,0.9872241544784087,0.9869409765877282
SHORT_SERVER-222,209999900,54304363,33392,84126,80580,0.15901,0.4006,0.38371446843546114,0.9993850954480398,0.99845084270669,0.9985161413273552
SHORT_SERVER-223,209999900,38504724,823955,1711066,1625224,3.9236,8.14794,7.739165590078852,0.9786011970894792,0.955562179850971,0.9577915686397337
SHORT_SERVER-224,209999900,45318631,25617,1362688,1443190,0.121986,6.48899,6.872336605874574,0.9994347357933209,0.9699309540043255,0.9681545984917329
SHORT_SERVER-225,209999900,58235405,719606,1488901,1455056,3.4267,7.09001,6.928841394686378,0.9876431528208656,0.9744330618117965,0.9750142374728913
SHORT_SERVER-226,209999900,38195708,313809,979246,954261,1.49433,4.66308,4.544102163858173,0.9917841816153794,0.9743624074202264,0.9750165385074155
SHORT_SERVER-227,209999900,38875689,34275,359026,380218,0.163214,1.70965,1.810562766934651,0.9991183436002896,0.9907647681819864,0.9902196460106469
SHORT_SERVER-228,209999900,38756240,460032,1110897,1085769,2.19063,5.28999,5.170331033490968,0.9881301178855327,0.9713363061019336,0.9719846662111701
SHORT_SERVER-229,209999900,37065801,109311,477072,480280,0.520529,2.27177,2.2870487081184323,0.9970508933558457,0.98712905192579,0.9870425031419124
SHORT_SERVER-230,209999900,41884351,166811,1043616,1063650,0.794338,4.9696,5.06500241190591,0.996017343088353,0.9750833909304217,0.9746050738615957
SHORT_SERVER-231,209999900,44422837,179462,656794,662935,0.854581,3.12759,3.1568348365880174,0.9959601409518262,0.9852149469877397,0.9850767072800866
SHORT_SERVER-232,209999900,38230439,663154,1343414,1290000,3.15788,6.39721,6.142860068028604,0.9826537696833667,0.964860094857922,0.966257253807627
SHORT_SERVER-233,209999900,53318617,34140,114152,112201,0.162572,0.543581,0.5342907306146336,0.9993596983207572,0.997859059247542,0.997895650594238
SHORT_SERVER-234,209999900,37311360,607654,1331714,1267764,2.89359,6.3415,6.036974303321097,0.9837139680783547,0.9643080820425737,0.9660220372562136
SHORT_SERVER-235,209999900,38849334,264943,868671,848081,1.26163,4.13653,4.038482875468036,0.9931802434502481,0.9776400027861482,0.9781699990017847
SHORT_SERVER-236,209999900,34500819,32845,334076,341202,0.156405,1.59084,1.6247722022724773,0.9990479936142965,0.9903168675503037,0.9901103217288841
SHORT_SERVER-237,209999900,37170135,299836,851120,839017,1.42779,4.05295,3.9953209501528333,0.9919334164376858,0.9771020471138994,0.977427657984024
SHORT_SERVER-238,209999900,39444639,615503,1534766,1467708,2.93097,7.30841,6.989089042423354,0.984395775557738,0.9610906313529705,0.9627906849394667
SHORT_SERVER-239,209999900,40008915,976133,2050879,1938094,4.64825,9.7661,9.229023442392116,0.9756021126791367,0.9487394496951492,0.9515584464112561
SHORT_SERVER-240,209999900,39301344,845485,1913353,1820296,4.02612,9.11121,8.668080318133486,0.9784871224760151,0.9513158379520049,0.9536836195729083
SHORT_SERVER-241,209999900,31623183,1831985,3176938,3017639,8.72374,15.1283,14.369716366531604,0.9420682921134157,0.8995376904342615,0.9045751023861197
SHORT_SERVER-242,209999900,28171984,613873,1803618,1735884,2.92321,8.58866,8.266118221961058,0.9782098058837461,0.9359783109347215,0.9383826144441939
SHORT_SERVER-243,209999900,32724570,1595806,2956825,2825006,7.59908,14.0801,13.452415929721871,0.9512352339541819,0.9096451076362501,0.9136732430708792
SHORT_SERVER-244,209999900,36048058,1268960,2599095,2498862,6.04267,12.3766,11.899348523499297,0.964798103687028,0.9278991672727557,0.9306797054088184
SHORT_SERVER-245,209999900,38670625,1429415,2487434,2399590,6.80674,11.8449,11.426624488868804,0.9630361547039904,0.9356763951966124,0.9379479902380683
SHORT_SERVER-246,209999900,35594262,1308252,2517291,2391658,6.22977,11.9871,11.388853042310972,0.963245424220342,0.9292781797245859,0.9328077654763568
SHORT_SERVER-247,209999900,27766963,690366,2126842,2031373,3.28746,10.1278,9.673209368194938,0.9751371440945846,0.92340386667422,0.9268420892843052
SHORT_SERVER-248,209999900,32191105,1874179,3070891,2935577,8.92467,14.6233,13.978944751878453,0.9417796002964173,0.904604361981361,0.9088078212910057
SHORT_SERVER-249,209999900,33376917,1935865,2999582,2861367,9.21841,14.2837,13.625563631220777,0.94199988572941,0.9101300458637327,0.9142710814183347
SHORT_SERVER-250,209999900,33038061,1330409,2644495,2521448,6.33528,12.5928,12.006900955667122,0.9597310205341651,0.9199561075936025,0.9236805089741797
SHORT_SERVER-251,209999900,37237445,1209706,2381421,2289364,5.76051,11.3401,10.901738524637393,0.9675137217389647,0.936047679963005,0.9385198420568328
SHORT_SERVER-252,209999900,33217932,1357419,2702601,2592729,6.4639,12.8695,12.346334450635453,0.959135957048741,0.9186402994623506,0.9219479105442205
SHORT_SERVER-253,209999900,29413309,1127466,2568678,2448853,5.36889,12.2318,11.661210314862055,0.9616681686511368,0.9126695333734807,0.9167433694726425
SHORT_SERVER-254,209999900,11946072,192818,357775,350408,0.918181,1.70369,1.6686103183858658,0.9838592970141148,0.9700508250745516,0.9706675131373727
SHORT_SERVER-255,209999900,11391110,169345,316990,311426,0.806405,1.50948,1.4829816585626945,0.9851335822408879,0.972172158815076,0.972660609896665
SHORT_SERVER-256,209999900,13005052,170050,341715,337279,0.809762,1.62722,1.606091240995829,0.986924312182681,0.9737244418553651,0.9740655400685826
SHORT_SERVER-257,209999900,11281798,124207,226999,220986,0.591462,1.08095,1.0523147868165652,0.9889904960184538,0.9798791823785535,0.9804121647985543
SHORT_SERVER-258,209999900,8398099,18195,33436,31848,0.0866429,0.159219,0.15165721507486432,0.9978334382578724,0.9960186227859424,0.9962077131979511
SHORT_SERVER-259,209999900,9230614,76458,114526,108179,0.364086,0.545362,0.515138340542067,0.9917169107060484,0.9875928080190548,0.9882804112489159
SHORT_SERVER-260,209999900,46897354,24604,61572,76337,0.117162,0.2932,0.36350969690937945,0.9994753648574715,0.9986870901074717,0.9983722535817265
SHORT_SERVER-261,209999900,50403456,15125,39391,46368,0.0720238,0.187576,0.2208001051429072,0.9996999213704711,0.9992184861292052,0.9990800630813887
SHORT_SERVER-262,209999900,35822558,5560,101580,101924,0.0264762,0.483715,0.48535261207267244,0.9998447905367339,0.997164356604573,0.9971547537169178
SHORT_SERVER-263,209999900,46685307,5748,64845,64659,0.0273714,0.308786,0.30790014661911747,0.9998768777508521,0.9986110190942945,0.9986150032171792
SHORT_SERVER-264,209999900,35935781,3237,8380,8454,0.0154143,0.0399048,0.04025716202722001,0.9999099226478478,0.9997668062369369,0.999764747008003
SHORT_SERVER-265,209999900,48822179,2195625,2758193,2581078,10.4554,13.1343,12.290853471834987,0.9550281235911244,0.9435053277732647,0.9471330847400318
SHORT_SERVER-266,209999900,46916699,2777861,3455666,3233318,13.2279,16.4556,15.396759712742721,0.9407916358309864,0.9263446475635466,0.9310838556651225
SHORT_SERVER-267,209999900,24704450,1765546,2019126,2005113,8.40737,9.61489,9.548161689600805,0.928533280441378,0.9182687329610657,0.9188359587037963
SHORT_SERVER-268,209999900,54807263,3569454,4262493,4074505,16.9974,20.2976,19.402414001149523,0.9348726098582956,0.9222275887048036,0.9256575720630311
SHORT_SERVER-269,209999900,39132559,732949,968083,945533,3.49023,4.60992,4.502540239304876,0.9812700978742535,0.9752614440573641,0.9758376905532807
SHORT_SERVER-270,209999900,35942085,216494,540109,541931,1.03092,2.57195,2.5806250383928755,0.9939765876131004,0.9849727972097334,0.9849221045468007
SHORT_SERVER-271,209999900,35506590,281246,594974,580463,1.33927,2.83321,2.764110840052781,0.9920790478612562,0.9832432796278099,0.9836519643254956
SHORT_SERVER-272,209999900,36613074,93409,150783,145622,0.444805,0.718015,0.6934384254468693,0.9974487528689888,0.995881717006335,0.9960226775823303
SHORT_SERVER-273,209999900,43001251,72036,165183,175811,0.343029,0.786586,0.837195636759827,0.998324792922885,0.9961586466403035,0.9959114910401095
SHORT_SERVER-274,209999900,34326402,98922,164961,164138,0.471057,0.785529,0.7816098960047124,0.9971181949101453,0.9951943404962745,0.9952183162103619
SHORT_SERVER-275,209999900,43203049,63896,153912,166843,0.304267,0.732915,0.7944908545194546,0.9985210303096895,0.9964374736607131,0.9961381660817504
SHORT_SERVER-276,209999900,36505399,93947,310312,293500,0.447367,1.47768,1.3976197131522443,0.9974264902569617,0.9914995587365036,0.9919600933549583
SHORT_SERVER-277,209999900,4328674,63143,75644,68896,0.300681,0.36021,0.3280763467030222,0.9854128539132307,0.9825249025452136,0.9840838094991676
SHORT_SERVER-278,209999900,35997908,161924,326637,314481,0.771067,1.55542,1.4975292845377546,0.9955018497186003,0.9909262227127199,0.991263909002712
SHORT_SERVER-279,209999900,43495496,54507,137519,151485,0.259557,0.654853,0.7213574863607078,0.9987468357643283,0.9968383163167055,0.9965172255996345
SHORT_SERVER-280,209999900,31164099,791631,1607288,1541240,3.76967,7.65376,7.3392415901150425,0.974597982120388,0.9484250130254046,0.9505443747948561
SHORT_SERVER-281,209999900,46698325,113641,212282,214599,0.541148,1.01087,1.0219004866192793,0.9975664865923992,0.9954541838492066,0.9954045675085776
SHORT_SERVER-282,209999900,49208112,85271,183628,187346,0.406053,0.874419,0.8921242343448735,0.9982671353048457,0.9962683388462455,0.9961927821981872
SHORT_SERVER-283,209999900,41231033,172640,262993,256574,0.822096,1.25235,1.221781534181683,0.9958128626076382,0.9936214792387084,0.9937771629442318
SHORT_SERVER-284,209999900,47651181,108000,212370,215361,0.514286,1.01129,1.0255290597757427,0.9977335294166161,0.9955432374278405,0.995480468784184
SHORT_SERVER-285,209999900,48449198,89476,191286,194428,0.426076,0.910886,0.9258480599276476,0.9981531995637988,0.9960518231901383,0.9959869717554458
SHORT_SERVER-286,209999900,45828102,159286,301021,318128,0.758505,1.43343,1.5148959594742664,0.9965242723776778,0.9934315193764734,0.9930582331338967
SHORT_SERVER-287,209999900,45082030,164714,414266,435282,0.784353,1.9727,2.0727724156059124,0.9963463490885393,0.9908108397070851,0.990344667265427
SHORT_SERVER-288,1688449895,232412746,1249656,2128740,2113626,0.74012,1.26077,1.2518144638221556,0.9946231176150726,0.9908406916718758,0.9909057225286603
SHORT_SERVER-289,581242790,107966011,627658,891739,862312,1.07986,1.53419,1.4835659294801746,0.9941865222750519,0.9917405580539601,0.992013116053718
SHORT_SERVER-290,455262770,57515849,378712,559693,544645,0.831854,1.22938,1.1963310771052067,0.9934155192597435,0.9902688909277858,0.9905305231606683
SHORT_SERVER-291,478059146,95573070,393929,938487,1020059,0.824017,1.96312,2.133750621727463,0.9958782426890755,0.9901804242554937,0.9893269202297258
SHORT_SERVER-292,1266535337,173458723,331573,500498,487367,0.261795,0.395171,0.38480331796695855,0.9980884616566674,0.9971145988432072,0.9971902998501839
SHORT_SERVER-293,2135595752,284134248,4052247,4802944,4662272,1.89748,2.24899,2.1831247770715736,0.9857382662297014,0.9830962158423084,0.9835913057548769
mean:
TAGE mpki = 4.183369238225254
HYB mpki = 6.5236358061433455
MLP mpki = 6.228617902129975
TAGE acc = 0.9720715050467335
HYB acc = 0.9568701707148614
MLP acc = 0.9588438156000952
