traces,total_instruction_cnt,total_branch_cnt,TAGE_mispred,HYB_mispred,ML_mispred,TAGE_mpki,HYB_mpki,ML_mpki,TAGE_acc,HYB_acc,ML_acc
SHORT_MOBILE-1,148974179,11917426,47825,186014,183704,0.321029,1.24863,1.2331264466978535,0.9959869689981713,0.9843914281489979,0.9845852619516999
SHORT_MOBILE-2,344783366,51156196,20714,1402896,1394123,0.0600783,4.06892,4.043475229602579,0.9995950832622503,0.9725762251751479,0.9727477195528769
SHORT_MOBILE-3,101127141,15893396,20250,295393,295611,0.200243,2.92101,2.923161844355908,0.9987258858962553,0.9814141043235819,0.981400387934712
SHORT_MOBILE-4,692734931,108535734,2574504,5034770,5102658,3.71643,7.26796,7.365960299755694,0.9762796647231409,0.9536118675900787,0.9529863777398879
SHORT_MOBILE-5,372505316,16979121,1492353,1091041,1079246,4.00626,2.92893,2.8972633507329597,0.9121065807823621,0.9357421977262546,0.9364368744412623
SHORT_MOBILE-6,169326426,19555594,1938980,2571713,2428596,11.4511,15.1879,14.342687419623443,0.9008478085605581,0.8684922073960013,0.8758106759631029
SHORT_MOBILE-7,128977169,16105153,863024,1099503,1060150,6.69129,8.52479,8.21967180873694,0.9464131759567885,0.9317297389226914,0.9341732425640414
SHORT_MOBILE-8,225731243,20434568,2086938,2533684,2444360,9.24523,11.2243,10.828629513195034,0.897872174249047,0.8760099063508463,0.8803811267260457
SHORT_MOBILE-9,128071235,9561235,208241,330928,320201,1.62598,2.58394,2.500178904341791,0.9782202822124966,0.9653885716646438,0.9665104978593246
SHORT_MOBILE-10,140479767,24260148,1178382,1522688,1405344,8.38827,10.8392,10.003889029798861,0.9514272542772616,0.9372350077996227,0.9420719115151317
SHORT_MOBILE-11,96754975,9191871,521289,661525,624833,5.38772,6.83712,6.457890149834673,0.9432880422277466,0.9280315182839272,0.9320233062452682
SHORT_MOBILE-12,109068187,19320304,993688,1335969,1258455,9.1107,12.2489,11.53824075209025,0.9485676829929798,0.9308515538885931,0.934863602560291
SHORT_MOBILE-13,154558316,11432253,251178,253747,253307,1.62513,1.64176,1.6389089021906786,0.9780290026821484,0.9778042875713125,0.9778427751730127
SHORT_MOBILE-14,132334393,12651145,135057,1037355,996985,1.02057,7.83889,7.533831360075834,0.9893245235905525,0.9180030740300582,0.9211940895468355
SHORT_MOBILE-15,100131527,10767735,4459,79837,83998,0.0445314,0.797321,0.8388766507076237,0.9995858924834239,0.9925855344694126,0.9921991022253055
SHORT_MOBILE-16,1356573277,92779630,5335837,5636874,5511159,3.93332,4.15523,4.062559017960075,0.9424891325822273,0.9392444871789206,0.9405994721039521
SHORT_MOBILE-17,642168792,29215542,9399,127605,141877,0.0146363,0.198709,0.22093412474644206,0.9996782876730474,0.9956322905116736,0.9951437834013143
SHORT_MOBILE-18,1271560006,111588449,41252,1290298,1273835,0.032442,1.01474,1.0017891361707392,0.9996303201597506,0.9884369931515045,0.9885845263428654
SHORT_MOBILE-19,100354118,2452597,850,1302,1279,0.00847001,0.0129741,0.012744868127882903,0.9996534285901842,0.9994691341463763,0.9994785119609948
SHORT_MOBILE-20,113837138,3676652,812,1258,1227,0.007133,0.0110509,0.010778556291532909,0.9997791468977755,0.9996578408834994,0.9996662724674513
SHORT_MOBILE-21,104905199,4200622,845,1311,1270,0.00805489,0.012497,0.012106168351103362,0.9997988393147491,0.9996879033628829,0.9996976638221673
SHORT_MOBILE-22,1283893069,137019006,8112793,9736184,8977666,6.3189,7.58333,6.992534048799356,0.9407907469420702,0.9289428212608695,0.934478681008677
SHORT_MOBILE-23,710761113,34025127,995522,877276,879221,1.40064,1.23428,1.2370133704824675,0.9707415640212012,0.9742168192347966,0.9741596555980526
SHORT_MOBILE-24,1000000000,36462693,3691,235274,219670,0.003691,0.235274,0.21967,0.9998987732474943,0.9935475418669707,0.9939754861222126
SHORT_MOBILE-25,1000000000,200483818,692,3085002,3084959,0.000692,3.085,3.084959,0.9999965483498524,0.9846122144381747,0.9846124289193255
SHORT_MOBILE-26,536505108,47021806,427429,4075565,3899337,0.796691,7.59651,7.268033317587724,0.9909099833383685,0.9133260640818432,0.9170738571802197
SHORT_MOBILE-27,1000000000,1548329,1209,4374,4305,0.001209,0.004374,0.004305,0.999219158202165,0.9971750190043589,0.9972195831764438
SHORT_MOBILE-28,999591576,129894684,260298,1116459,1126476,0.260404,1.11692,1.1269362678182473,0.9979960842739338,0.9914048907498015,0.9913277744299374
SHORT_MOBILE-29,1000000000,1686636,1216,4405,4310,0.001216,0.004405,0.00431,0.9992790382750042,0.9973882924353565,0.9974446175701218
SHORT_MOBILE-30,78221020,2102442,4021,42947,44480,0.0514056,0.549047,0.5686451033238892,0.9980874621035919,0.9795728015326939,0.978843649432422
SHORT_MOBILE-31,1015451933,29574419,9945,193947,218485,0.00979367,0.190996,0.21516035658578042,0.9996637296577153,0.9934420689718367,0.9926123654364943
SHORT_MOBILE-32,383113832,51400260,459526,1129597,1099523,1.19945,2.94846,2.86996424603119,0.9910598506700161,0.9780235158343557,0.9786086101509992
SHORT_MOBILE-33,2163787881,305812395,1389109,5777293,5696229,0.64198,2.66999,2.632526529064149,0.9954576432390846,0.9811083752834806,0.9813734528320868
SHORT_MOBILE-34,497129864,65109879,32292,151095,205875,0.0649569,0.303935,0.4141272027865942,0.9995040383963852,0.9976793844141532,0.9968380374351486
SHORT_MOBILE-35,3629750101,554204248,429405,4596887,4743374,0.118302,1.26645,1.306804564505197,0.9992251863793004,0.991705428068101,0.9914411085495686
SHORT_MOBILE-36,1027774508,158023130,577988,1916395,1881024,0.562368,1.86461,1.830191336094123,0.996342383548535,0.9878726930671479,0.9880965273881108
SHORT_MOBILE-37,100106755,770140,48,50,52,0.000479488,0.000499467,0.0005194454659927794,0.9999376736697224,0.9999350767392942,0.9999324798088659
SHORT_MOBILE-38,98796065,1474739,91,92,95,0.000921089,0.000931211,0.0009615767591553368,0.9999382941659507,0.9999376160798623,0.9999355818215969
SHORT_MOBILE-39,99206158,2834777,174,175,179,0.00175392,0.001764,0.0018043234775808978,0.9999386195104588,0.9999382667490248,0.9999368557032882
SHORT_MOBILE-40,2883605006,131075501,505,513,510,0.000175128,0.000177902,0.00017686194847728047,0.9999961472586704,0.9999960862251444,0.9999961091127166
SHORT_MOBILE-41,1179666506,131074501,503,510,511,0.000426392,0.000432326,0.0004331732717687248,0.9999961624877748,0.999996109083032,0.9999961014537831
SHORT_MOBILE-42,220814,3701,13,13,15,0.0588731,0.0588731,0.06793047542275399,0.9964874358281546,0.9964874358281546,0.9959470413401783
SHORT_MOBILE-43,14055614,230501,19,107,108,0.00135177,0.00761262,0.007683762516528983,0.9999175708565256,0.9995357937709598,0.9995314553949874
SHORT_MOBILE-44,100018978,6327009,397908,455559,446723,3.97832,4.55473,4.4663823699538305,0.9371096200432147,0.9279977316295899,0.9293942840922148
SHORT_MOBILE-45,658661227,111675892,60997,1098580,1170670,0.0926075,1.6679,1.777347674360677,0.9994538033329521,0.9901627828502144,0.9895172540909725
SHORT_MOBILE-46,350858,55581,1076,2498,2468,3.06677,7.11969,7.034184769906914,0.9806408664831507,0.9550565840844893,0.9555963368777101
SHORT_MOBILE-47,1899254569,9027233,169,26190,26289,8.89823e-05,0.0137896,0.013841746350960075,0.9999812788702807,0.9970987787730747,0.9970878119574403
SHORT_MOBILE-48,106993428,4623865,3651,17619,17272,0.0341236,0.164674,0.16143047589801496,0.9992104008226884,0.9961895513817985,0.996264596825383
SHORT_MOBILE-49,188140760,23990999,78653,291879,288867,0.418054,1.55139,1.53537702303318,0.9967215621158585,0.9878338121726402,0.9879593592580284
SHORT_MOBILE-50,99832412,6689046,4601,39794,39729,0.0460872,0.398608,0.3979569280565915,0.9993121590134079,0.9940508706323742,0.9940605880121022
SHORT_MOBILE-51,99702195,3045882,3816,23818,25248,0.038274,0.238891,0.25323414394236754,0.9987471609208761,0.9921802617435607,0.9917107754010168
SHORT_MOBILE-52,97600104,12114371,27531,496275,478207,0.28208,5.08478,4.8996566643002755,0.9977274098671735,0.9590341917050419,0.9605256434692317
SHORT_MOBILE-53,216999993,2299996,4,15,19,1.84332e-05,6.91244e-05,8.755760651107486e-05,0.9999982608665406,0.9999934782495274,0.999991739116068
SHORT_MOBILE-54,2115006,21500,5,513,513,0.00236406,0.242553,0.24255250339715348,0.9997674418604651,0.976139534883721,0.976139534883721
SHORT_MOBILE-55,4226507,42000,5,513,513,0.00118301,0.121377,0.12137682488163394,0.9998809523809524,0.9877857142857143,0.9877857142857143
SHORT_MOBILE-56,16895507,165000,5,513,513,0.000295937,0.0303631,0.030363101858973514,0.999969696969697,0.996890909090909,0.996890909090909
SHORT_MOBILE-57,20000000,194461,149,161,161,0.00745,0.00805,0.00805,0.9992337795239148,0.9991720704922838,0.9991720704922838
SHORT_MOBILE-58,1540382230,296731952,69093,193325,193088,0.0448545,0.125505,0.12535070597380235,0.9997671534880747,0.9993484860706878,0.9993492847713279
SHORT_MOBILE-59,1782506882,81751219,3516933,4837481,4599288,1.97303,2.71386,2.580235760346422,0.9569800543279973,0.9408268028394782,0.9437404352343663
SHORT_MOBILE-60,3195627559,103095359,3307640,5531473,5321381,1.03505,1.73095,1.6652068808873357,0.9679166935147876,0.9463460522990177,0.9483838937890502
SHORT_MOBILE-61,553679960,10147965,549621,759538,723620,0.992669,1.3718,1.3069282839855718,0.9458392889608902,0.9251536638133853,0.9286930926545371
SHORT_MOBILE-62,782986807,23285236,1422390,1889378,1775247,1.81662,2.41304,2.2672757498965113,0.938914512182741,0.9188594008667123,0.923760832829867
SHORT_MOBILE-63,1020500024,135925744,5480,8720,8561,0.00536992,0.00854483,0.008389024790458995,0.9999596838697459,0.9999358473255809,0.999937017081915
SHORT_MOBILE-64,103523675,16865857,11846,48324,48200,0.114428,0.466792,0.46559398128012747,0.9992976342678584,0.9971348031706898,0.9971421553022772
SHORT_MOBILE-65,295563164,42222703,2287,44000,43748,0.00773777,0.148868,0.14801573852416872,0.9999458348272966,0.9989579066029951,0.998963874956087
SHORT_MOBILE-66,999999443,48754733,830,34836,34969,0.00083,0.034836,0.03496901947774385,0.9999829760117853,0.9992854847548852,0.9992827568146051
SHORT_MOBILE-67,910220449,89831572,889,1096502,1096382,0.000976686,1.20466,1.204523586791006,0.9999901037020703,0.9877938014933102,0.9877951373265516
SHORT_MOBILE-68,999996940,165951792,424,826493,826400,0.000424001,0.826496,0.8264025287917381,0.9999974450411478,0.9950196801731432,0.9950202405768538
SHORT_MOBILE-69,999996581,142575391,582,925716,925619,0.000582002,0.925719,0.9256221647021812,0.9999959179491221,0.9935071824561926,0.9935078627980056
SHORT_MOBILE-70,967488543,17798360,1419,2033,1992,0.00146668,0.00210132,0.0020589391103518215,0.9999202735532937,0.9998857759928443,0.999888079575871
SHORT_MOBILE-71,100189686,34959362,37616,1404960,1395856,0.375448,14.023,13.932132694776586,0.9989240078237126,0.9598116235645262,0.9600720402162946
SHORT_MOBILE-72,100067714,13270878,4985,375242,363669,0.0498163,3.74988,3.6342291180949733,0.9996243654715234,0.9717244028616645,0.9725964627208539
SHORT_MOBILE-73,110000000,7039641,412073,548534,510524,3.74612,4.98667,4.641127272727273,0.9414639184015208,0.9220792651216163,0.9274786881887869
SHORT_MOBILE-74,110000000,1266192,116,4236,4233,0.00105455,0.0385091,0.03848181818181818,0.999908386721761,0.9966545358049964,0.9966569051139164
SHORT_MOBILE-75,110000000,2121555,57,105,95,0.000518182,0.000954545,0.0008636363636363636,0.9999731329143011,0.9999505080000283,0.9999552215238351
SHORT_MOBILE-76,110000000,18789968,753731,881342,853490,6.8521,8.0122,7.759,0.9598865202963625,0.9530950771177471,0.9545773574494645
SHORT_MOBILE-77,100000021,5000004,4,4,7,4e-05,4e-05,6.999998530000309e-05,0.99999920000064,0.99999920000064,0.99999860000112
SHORT_MOBILE-78,144999972,4999998,1,0,4,6.89655e-06,0.0,2.758621222354443e-05,0.99999979999992,1.0,0.99999919999968
SHORT_MOBILE-79,99999170,15740241,5928,295422,299208,0.0592805,2.95424,2.992104834470126,0.9996233856902191,0.9812314182482975,0.9809908882589536
SHORT_MOBILE-80,101032026,7720745,4001,26332,27122,0.0396013,0.26063,0.26844953104276065,0.999481785760312,0.9965894482980593,0.9964871265661539
SHORT_MOBILE-81,236538163,11342643,2309,120279,120304,0.00976164,0.508497,0.5086029183375369,0.9997964319250813,0.9893958577379187,0.9893936536660812
SHORT_MOBILE-82,25173438,525466,211,288,295,0.00838185,0.0114406,0.011718701275527005,0.9995984516600503,0.9994519150620592,0.9994385935531509
SHORT_MOBILE-83,110000000,10178935,1150974,1396895,1344876,10.4634,12.699,12.226145454545454,0.8869258915593822,0.8627660948812425,0.8678765509358297
SHORT_MOBILE-84,105099488,13196368,26631,125996,122916,0.253388,1.19883,1.1695204452375638,0.9979819447290346,0.9904522213991002,0.9906856189521238
SHORT_MOBILE-85,110000000,18916871,2649,10596,12173,0.0240818,0.0963273,0.11066363636363637,0.9998599662703203,0.9994398650812811,0.9993565003430007
SHORT_MOBILE-86,19347949,5289269,26590,31862,31836,1.37431,1.64679,1.6454457265728786,0.9949728402922975,0.9939761052047079,0.9939810208178106
SHORT_MOBILE-87,110000000,15843618,1896,5773,6884,0.0172364,0.0524818,0.06258181818181818,0.9998803303639359,0.9996356261555914,0.9995655032834041
SHORT_MOBILE-88,110000000,7381375,322,629,635,0.00292727,0.00571818,0.005772727272727273,0.9999563766913346,0.9999147855243772,0.999913972667694
SHORT_MOBILE-89,110000000,8047320,239798,354179,342174,2.17998,3.21981,3.1106727272727275,0.9702015080797085,0.9559879562388472,0.9574797572359494
SHORT_MOBILE-90,110000000,9352659,657722,839859,797983,5.97929,7.63508,7.254390909090909,0.9296754003326755,0.910201045499467,0.914678488759186
SHORT_MOBILE-91,110000000,9689928,867156,1087844,1041679,7.88324,9.88949,9.469809090909092,0.9105095517737594,0.8877345631463929,0.8924987884326901
SHORT_MOBILE-92,110000000,5584010,3156,4810,4822,0.0286909,0.0437273,0.04383636363636364,0.9994348147657328,0.9991386118577867,0.9991364628645006
SHORT_MOBILE-93,110000000,19921540,1062475,1485479,1399017,9.65886,13.5044,12.718336363636364,0.9466670247380473,0.925433525721405,0.929773652036941
SHORT_MOBILE-94,110000000,20183592,1339082,1854866,1745997,12.1735,16.8624,15.8727,0.9336549212845762,0.908100302463506,0.9134942382901914
SHORT_MOBILE-95,110000000,15490965,13343,49112,51794,0.1213,0.446473,0.47085454545454547,0.9991386592119987,0.9968296358554809,0.9966565026775285
SHORT_MOBILE-96,110000000,15632470,169411,296764,289047,1.5401,2.69785,2.6277,0.9891628770117582,0.9810161797847685,0.9815098317796228
SHORT_MOBILE-97,110000000,10556210,1075707,1287035,1200635,9.77915,11.7003,10.914863636363636,0.8980972337609805,0.8780779275895421,0.8862626832925833
SHORT_MOBILE-98,110000000,14387780,932469,1105982,1028630,8.47699,10.0544,9.351181818181818,0.9351902100254521,0.9231304621004769,0.9285066910948041
SHORT_MOBILE-99,110000000,1367818,276,798,898,0.00250909,0.00725455,0.008163636363636364,0.9997982187688713,0.9994165890491279,0.9993434799074146
SHORT_MOBILE-100,110000000,2729542,735,1567,1856,0.00668182,0.0142455,0.016872727272727272,0.9997307240555375,0.9994259110136425,0.9993200324450036
SHORT_MOBILE-101,110000000,3266074,3522,27401,26124,0.0320182,0.2491,0.23749090909090909,0.9989216410895773,0.991610416665391,0.9920014059693687
SHORT_MOBILE-102,110000000,12254069,140446,1079273,1030286,1.27678,9.81157,9.366236363636364,0.988538827388682,0.9119253368003721,0.915922947716387
SHORT_MOBILE-103,110000000,2829877,123249,278951,276197,1.12045,2.53592,2.510881818181818,0.9564472236779196,0.9014264577577047,0.9023996449315641
SHORT_MOBILE-104,110000000,4782645,3303,3312,3317,0.0300273,0.0301091,0.030154545454545455,0.9993093779697217,0.9993074961658246,0.999306450719215
SHORT_MOBILE-105,110000000,3142888,901,912,915,0.00819091,0.00829091,0.008318181818181818,0.9997133209964848,0.999709821030848,0.9997088664947653
SHORT_MOBILE-106,110000000,16081030,774263,993931,955528,7.03875,9.03574,8.686618181818181,0.9518524000017412,0.9381923297201734,0.9405804230201672
SHORT_MOBILE-107,595153582,65161478,892019,1513778,1479048,1.4988,2.54351,2.4851534876589216,0.9863106389330212,0.9767688203757441,0.9773018039891606
mean:
TAGE mpki = 1.7240077957668218
HYB mpki = 2.95321083631215
MLP mpki = 2.843317578214167
TAGE acc = 0.9824126780162695
HYB acc = 0.971243763420838
MLP acc = 0.9722826727050665
