traces,total_instruction_cnt,total_branch_cnt,TAGE_mispred,HYB_mispred,ML_mispred,TAGE_mpki,HYB_mpki,ML_mpki,TAGE_acc,HYB_acc,ML_acc
LONG_MOBILE-1,692734931,108535734,2574504,5034770,5156022,3.71643,7.26796,7.442994093797184,0.9762796647231409,0.9536118675900787,0.9524947055685826
LONG_MOBILE-2,642168792,29215542,9399,127605,137910,0.0146363,0.198709,0.21475662118441907,0.9996782876730474,0.9956322905116736,0.9952795672933262
LONG_MOBILE-3,1889750733,61417733,14210,159171,181466,0.00751951,0.0842286,0.09602642127934023,0.999768633596424,0.9974083869230406,0.9970453810139818
LONG_MOBILE-4,1283893069,137019006,8112793,9736184,8778194,6.3189,7.58333,6.837169085145984,0.9407907469420702,0.9289428212608695,0.9359344790459215
LONG_MOBILE-5,710761113,34025127,995522,877276,913051,1.40064,1.23428,1.2846102344375163,0.9707415640212012,0.9742168192347966,0.973165390389285
LONG_MOBILE-6,536505108,47021806,427429,4075565,3996754,0.796691,7.59651,7.449610339963436,0.9909099833383685,0.9133260640818432,0.9150021162521916
LONG_MOBILE-7,1000000000,1548329,1209,4374,4328,0.001209,0.004374,0.004328,0.999219158202165,0.9971750190043589,0.9972047284524155
LONG_MOBILE-8,916778731,83839790,7888482,9781956,9552873,8.60456,10.6699,10.420042129009644,0.9059100458147618,0.8833256142459326,0.8860580042006307
LONG_MOBILE-9,599758591,95858342,4503077,5791798,5091577,7.50815,9.65688,8.489377353495884,0.9530236293884574,0.9395796142603844,0.9468843619264768
LONG_MOBILE-10,5789354553,384485592,1044,1925,1812,0.000180331,0.000332507,0.00031298825860665854,0.9999972846836872,0.9999949933104385,0.999995287209618
LONG_MOBILE-11,990358237,267070415,270528,4035461,4016739,0.273162,4.07475,4.055844491350457,0.9989870536577404,0.9848898987931703,0.9849600001557641
LONG_MOBILE-12,925056138,90114738,217783,1061400,2752295,0.235427,1.14739,2.975273485510346,0.9975832698975389,0.9882216824510992,0.9694578815731563
LONG_MOBILE-13,22521563217,1729238200,14771212,38991214,38527197,0.65587,1.73128,1.7106804100933115,0.9914579657099872,0.9774517969820468,0.9777201330620616
LONG_MOBILE-14,692129943,94038052,1222872,2222986,2260986,1.76682,3.2118,3.266707390522476,0.986995987539172,0.9763607821225391,0.9759566903831653
LONG_MOBILE-15,1027774508,158023130,577988,1916395,1944345,0.562368,1.86461,1.8918011537215516,0.996342383548535,0.9878726930671479,0.9876958202258113
LONG_MOBILE-16,1207440258,231358743,353735,3007033,3103772,0.292963,2.49042,2.5705387736044827,0.998471054106652,0.9870027258922305,0.9865845917048399
LONG_MOBILE-17,1688784689,323544003,370051,5227447,5199943,0.219123,3.09539,3.0791035908071285,0.998856257582991,0.9838431652216406,0.9839281737513769
LONG_MOBILE-18,2883605006,131075501,505,513,509,0.000175128,0.000177902,0.00017651516034301127,0.9999961472586704,0.9999960862251444,0.9999961167419074
LONG_MOBILE-19,684914548,111577971,74895,1078937,1450541,0.109349,1.57529,2.1178422976058613,0.9993287653527954,0.990330196988436,0.9869997546379473
LONG_MOBILE-20,1899254569,9027233,169,26190,26285,8.89823e-05,0.0137896,0.013839640261515674,0.9999812788702807,0.9970987787730747,0.9970882550611023
LONG_MOBILE-21,996258435,196743338,16819,5691688,5772469,0.0168822,5.71306,5.794148182042745,0.9999145129884907,0.9710704918506567,0.9706599010737532
LONG_MOBILE-22,1540382230,296731952,69093,193325,193291,0.0448545,0.125505,0.1254824914462951,0.9997671534880747,0.9993484860706878,0.9993486006522142
LONG_MOBILE-23,1658101133,70058311,2220397,3151959,3003614,1.33912,1.90094,1.8114781663320894,0.9683064440420209,0.9550094920215818,0.9571269424408476
LONG_MOBILE-24,3084656168,92654542,2632221,4608056,4355195,0.853327,1.49386,1.4118899361233443,0.9715910203301205,0.9502662697312777,0.9529953426352267
LONG_MOBILE-25,1734496501,63232626,904973,1975946,1954047,0.52175,1.1392,1.1265788076674823,0.9856881952047982,0.9687511633630398,0.9690974877431154
LONG_MOBILE-26,553679960,10147965,549621,759538,724226,0.992669,1.3718,1.3080227790798136,0.9458392889608902,0.9251536638133853,0.9286333762483414
LONG_MOBILE-27,782986807,23285236,1422390,1889378,1740336,1.81662,2.41304,2.222688791741034,0.938914512182741,0.9188594008667123,0.925260109023589
LONG_MOBILE-28,999996622,142579090,409,913962,913878,0.000409001,0.913965,0.9138810870903122,0.9999971314166755,0.9935897893583133,0.9935903785050108
LONG_MOBILE-29,910220449,89831572,889,1096502,1096402,0.000976686,1.20466,1.2045455594900616,0.9999901037020703,0.9877938014933102,0.987794914687678
LONG_MOBILE-30,999996940,165951792,424,826493,826409,0.000424001,0.826496,0.8264115288192782,0.9999974450411478,0.9950196801731432,0.9950201863442366
LONG_MOBILE-31,1862651444,87016545,4207,498680,498706,0.00225861,0.267726,0.267739840218866,0.9999516528724509,0.994269135829284,0.9942688370355316
LONG_MOBILE-32,595153582,65161478,892019,1513778,1513643,1.4988,2.54351,2.5432813407817143,0.9863106389330212,0.9767688203757441,0.9767708921519552
mean:
TAGE mpki = 1.236636039040625
HYB mpki = 2.6067238627812506
MLP mpki = 2.6086619851888293
TAGE acc = 0.9843933519084435
HYB acc = 0.9716306716214713
MLP acc = 0.9718755752247208
